1.06275 1.06275
1.13177 1.06275
1.20769 1.06275
1.2912 1.06275
1.38307 1.06275
1.48412 1.06275
1.59528 1.06275
1.71755 1.06275
1.85205 1.06275
1.06275 1.13177
1.13177 1.13177
1.20769 1.13177
1.2912 1.13177
1.38307 1.13177
1.48412 1.13177
1.59528 1.13177
1.71755 1.13177
1.85205 1.13177
1.06275 1.20769
1.13177 1.20769
1.20769 1.20769
1.2912 1.20769
1.38307 1.20769
1.48412 1.20769
1.59528 1.20769
1.71755 1.20769
1.85205 1.20769
1.06275 1.2912
1.13177 1.2912
1.20769 1.2912
1.2912 1.2912
1.38307 1.2912
1.48412 1.2912
1.59528 1.2912
1.71755 1.2912
1.85205 1.2912
1.06275 1.38307
1.13177 1.38307
1.20769 1.38307
1.2912 1.38307
1.38307 1.38307
1.48412 1.38307
1.59528 1.38307
1.71755 1.38307
1.85205 1.38307
1.06275 1.48412
1.13177 1.48412
1.20769 1.48412
1.2912 1.48412
1.38307 1.48412
1.48412 1.48412
1.59528 1.48412
1.71755 1.48412
1.85205 1.48412
1.06275 1.59528
1.13177 1.59528
1.20769 1.59528
1.2912 1.59528
1.38307 1.59528
1.48412 1.59528
1.59528 1.59528
1.71755 1.59528
1.85205 1.59528
1.06275 1.71755
1.13177 1.71755
1.20769 1.71755
1.2912 1.71755
1.38307 1.71755
1.48412 1.71755
1.59528 1.71755
1.71755 1.71755
1.85205 1.71755
1.06275 1.85205
1.13177 1.85205
1.20769 1.85205
1.2912 1.85205
1.38307 1.85205
1.48412 1.85205
1.59528 1.85205
1.71755 1.85205
1.85205 1.85205
