-2
-2.03076
-2.06644
-2.10795
-2.15638
-2.21305
-2.27961
-2.35809
-2.45103
-2.56159
-2.69378
-2.8527
-3.04485
-3.27864
-3.56497
-3.91807
-4.35669
-4.90563
-5.59798
-6.47815
-7.60608
-9.06324
-10.9609
-13.4522
-16.7483
-21.1427
-27.0448
-35.0283
-45.9005
-60.8014
-81.3473
-109.837
-149.548
-205.169
-283.424
-393.974
-550.727
-773.752
-1092.04
-1547.55
-2201.08
-3140.8
-4494.79
-6449.2
-9274.81
-13365.9
-19296.7
-27904.4
-40409.9
-58594.5
-85058.3
-123598
-179759
-261643
-381091
-555410
-809903
-1.18157e+06
-1.72452e+06
-2.51791e+06
-3.6775e+06
-5.37268e+06
-7.85128e+06
-1.14759e+07
-1.67772e+07
-2.05869
-2.08945
-2.12514
-2.16664
-2.21507
-2.27174
-2.3383
-2.41679
-2.50972
-2.62028
-2.75247
-2.91139
-3.10354
-3.33734
-3.62366
-3.97677
-4.41538
-4.96432
-5.65668
-6.53684
-7.66477
-9.12193
-11.0196
-13.5109
-16.807
-21.2014
-27.1035
-35.087
-45.9592
-60.8601
-81.406
-109.895
-149.606
-205.228
-283.483
-394.032
-550.786
-773.811
-1092.1
-1547.61
-2201.14
-3140.86
-4494.85
-6449.26
-9274.87
-13365.9
-19296.8
-27904.5
-40410
-58594.6
-85058.4
-123598
-179759
-261643
-381091
-555410
-809903
-1.18157e+06
-1.72452e+06
-2.51791e+06
-3.6775e+06
-5.37268e+06
-7.85128e+06
-1.14759e+07
-1.67772e+07
-2.12807
-2.15883
-2.19452
-2.23602
-2.28445
-2.34112
-2.40768
-2.48616
-2.5791
-2.68966
-2.82185
-2.98077
-3.17292
-3.40671
-3.69304
-4.04615
-4.48476
-5.0337
-5.72605
-6.60622
-7.73415
-9.19131
-11.089
-13.5802
-16.8763
-21.2708
-27.1729
-35.1564
-46.0286
-60.9295
-81.4754
-109.965
-149.676
-205.297
-283.552
-394.102
-550.855
-773.88
-1092.17
-1547.68
-2201.21
-3140.93
-4494.92
-6449.33
-9274.94
-13366
-19296.8
-27904.5
-40410
-58594.7
-85058.5
-123598
-179759
-261643
-381091
-555410
-809903
-1.18157e+06
-1.72452e+06
-2.51791e+06
-3.6775e+06
-5.37268e+06
-7.85128e+06
-1.14759e+07
-1.67772e+07
-2.21045
-2.24121
-2.2769
-2.3184
-2.36683
-2.4235
-2.49006
-2.56855
-2.66148
-2.77204
-2.90423
-3.06315
-3.2553
-3.4891
-3.77542
-4.12853
-4.56714
-5.11608
-5.80843
-6.6886
-7.81653
-9.27369
-11.1714
-13.6626
-16.9587
-21.3531
-27.2553
-35.2388
-46.1109
-61.0118
-81.5577
-110.047
-149.758
-205.38
-283.635
-394.184
-550.938
-773.963
-1092.25
-1547.76
-2201.29
-3141.01
-4495
-6449.41
-9275.02
-13366.1
-19296.9
-27904.6
-40410.1
-58594.7
-85058.6
-123598
-179759
-261643
-381091
-555410
-809903
-1.18157e+06
-1.72452e+06
-2.51791e+06
-3.6775e+06
-5.37268e+06
-7.85128e+06
-1.14759e+07
-1.67772e+07
-2.30875
-2.33951
-2.37519
-2.4167
-2.46512
-2.5218
-2.58836
-2.66684
-2.75978
-2.87034
-3.00253
-3.16145
-3.3536
-3.58739
-3.87372
-4.22682
-4.66544
-5.21438
-5.90673
-6.7869
-7.91483
-9.37198
-11.2697
-13.7609
-17.057
-21.4514
-27.3536
-35.3371
-46.2092
-61.1101
-81.656
-110.145
-149.856
-205.478
-283.733
-394.282
-551.036
-774.061
-1092.35
-1547.86
-2201.39
-3141.11
-4495.1
-6449.51
-9275.12
-13366.2
-19297
-27904.7
-40410.2
-58594.8
-85058.7
-123598
-179759
-261643
-381091
-555410
-809903
-1.18157e+06
-1.72452e+06
-2.51791e+06
-3.6775e+06
-5.37268e+06
-7.85128e+06
-1.14759e+07
-1.67772e+07
-2.42666
-2.45742
-2.4931
-2.53461
-2.58303
-2.6397
-2.70627
-2.78475
-2.87769
-2.98825
-3.12044
-3.27935
-3.47151
-3.7053
-3.99163
-4.34473
-4.78335
-5.33229
-6.02464
-6.9048
-8.03273
-9.48989
-11.3876
-13.8788
-17.1749
-21.5693
-27.4715
-35.455
-46.3271
-61.2281
-81.7739
-110.263
-149.974
-205.596
-283.851
-394.4
-551.154
-774.179
-1092.47
-1547.98
-2201.5
-3141.23
-4495.22
-6449.62
-9275.24
-13366.3
-19297.1
-27904.8
-40410.3
-58595
-85058.8
-123598
-179759
-261643
-381091
-555410
-809903
-1.18157e+06
-1.72452e+06
-2.51791e+06
-3.6775e+06
-5.37268e+06
-7.85128e+06
-1.14759e+07
-1.67772e+07
-2.56889
-2.59965
-2.63534
-2.67684
-2.72527
-2.78194
-2.8485
-2.92699
-3.01992
-3.13048
-3.26267
-3.42159
-3.61374
-3.84753
-4.13386
-4.48697
-4.92558
-5.47452
-6.16687
-7.04704
-8.17497
-9.63213
-11.5298
-14.0211
-17.3172
-21.7116
-27.6137
-35.5972
-46.4694
-61.3703
-81.9162
-110.405
-150.117
-205.738
-283.993
-394.542
-551.296
-774.321
-1092.61
-1548.12
-2201.65
-3141.37
-4495.36
-6449.77
-9275.38
-13366.4
-19297.3
-27905
-40410.5
-58595.1
-85058.9
-123599
-179759
-261644
-381091
-555410
-809903
-1.18157e+06
-1.72452e+06
-2.51791e+06
-3.6775e+06
-5.37268e+06
-7.85128e+06
-1.14759e+07
-1.67772e+07
-2.74151
-2.77227
-2.80796
-2.84947
-2.89789
-2.95456
-3.02112
-3.09961
-3.19254
-3.3031
-3.43529
-3.59421
-3.78636
-4.02016
-4.30648
-4.65959
-5.0982
-5.64714
-6.3395
-7.21966
-8.34759
-9.80475
-11.7025
-14.1937
-17.4898
-21.8842
-27.7863
-35.7699
-46.642
-61.5429
-82.0888
-110.578
-150.289
-205.911
-284.166
-394.715
-551.469
-774.494
-1092.78
-1548.3
-2201.82
-3141.54
-4495.54
-6449.94
-9275.55
-13366.6
-19297.4
-27905.2
-40410.7
-58595.3
-85059.1
-123599
-179760
-261644
-381092
-555410
-809904
-1.18157e+06
-1.72452e+06
-2.51791e+06
-3.6775e+06
-5.37268e+06
-7.85128e+06
-1.14759e+07
-1.67772e+07
-2.95236
-2.98312
-3.01881
-3.06032
-3.10874
-3.16541
-3.23197
-3.31046
-3.40339
-3.51395
-3.64615
-3.80506
-3.99721
-4.23101
-4.51733
-4.87044
-5.30905
-5.85799
-6.55035
-7.43051
-8.55844
-10.0156
-11.9133
-14.4045
-17.7006
-22.095
-27.9972
-35.9807
-46.8528
-61.7538
-82.2996
-110.789
-150.5
-206.122
-284.377
-394.926
-551.68
-774.704
-1092.99
-1548.51
-2202.03
-3141.76
-4495.75
-6450.15
-9275.76
-13366.8
-19297.6
-27905.4
-40410.9
-58595.5
-85059.3
-123599
-179760
-261644
-381092
-555411
-809904
-1.18157e+06
-1.72452e+06
-2.51791e+06
-3.6775e+06
-5.37268e+06
-7.85128e+06
-1.14759e+07
-1.67772e+07
-3.21166
-3.24242
-3.27811
-3.31962
-3.36804
-3.42471
-3.49127
-3.56976
-3.66269
-3.77325
-3.90545
-4.06436
-4.25651
-4.49031
-4.77663
-5.12974
-5.56835
-6.11729
-6.80965
-7.68981
-8.81774
-10.2749
-12.1726
-14.6638
-17.9599
-22.3543
-28.2565
-36.24
-47.1121
-62.0131
-82.5589
-111.048
-150.759
-206.381
-284.636
-395.185
-551.939
-774.964
-1093.25
-1548.77
-2202.29
-3142.01
-4496.01
-6450.41
-9276.02
-13367.1
-19297.9
-27905.6
-40411.1
-58595.7
-85059.6
-123599
-179760
-261644
-381092
-555411
-809904
-1.18157e+06
-1.72452e+06
-2.51791e+06
-3.6775e+06
-5.37268e+06
-7.85128e+06
-1.14759e+07
-1.67772e+07
-3.53282
-3.56358
-3.59927
-3.64077
-3.6892
-3.74587
-3.81243
-3.89092
-3.98385
-4.09441
-4.2266
-4.38552
-4.57767
-4.81146
-5.09779
-5.4509
-5.88951
-6.43845
-7.1308
-8.01097
-9.1389
-10.5961
-12.4938
-14.985
-18.2811
-22.6755
-28.5776
-36.5612
-47.4333
-62.3342
-82.8801
-111.369
-151.08
-206.702
-284.957
-395.506
-552.26
-775.285
-1093.58
-1549.09
-2202.61
-3142.34
-4496.33
-6450.73
-9276.35
-13367.4
-19298.2
-27905.9
-40411.5
-58596.1
-85059.9
-123600
-179760
-261645
-381092
-555411
-809904
-1.18157e+06
-1.72452e+06
-2.51791e+06
-3.6775e+06
-5.37268e+06
-7.85128e+06
-1.14759e+07
-1.67772e+07
-3.93355
-3.96431
-4
-4.04151
-4.08993
-4.1466
-4.21316
-4.29165
-4.38458
-4.49514
-4.62733
-4.78625
-4.9784
-5.2122
-5.49852
-5.85163
-6.29024
-6.83918
-7.53154
-8.4117
-9.53963
-10.9968
-12.8945
-15.3857
-18.6818
-23.0762
-28.9784
-36.9619
-47.834
-62.7349
-83.2808
-111.77
-151.481
-207.103
-285.358
-395.907
-552.661
-775.686
-1093.98
-1549.49
-2203.01
-3142.74
-4496.73
-6451.13
-9276.75
-13367.8
-19298.6
-27906.3
-40411.9
-58596.5
-85060.3
-123600
-179761
-261645
-381093
-555412
-809905
-1.18157e+06
-1.72452e+06
-2.51791e+06
-3.6775e+06
-5.37268e+06
-7.85128e+06
-1.14759e+07
-1.67772e+07
-4.43741
-4.46817
-4.50386
-4.54536
-4.59379
-4.65046
-4.71702
-4.79551
-4.88844
-4.999
-5.13119
-5.29011
-5.48226
-5.71605
-6.00238
-6.35549
-6.7941
-7.34304
-8.03539
-8.91556
-10.0435
-11.5006
-13.3984
-15.8896
-19.1857
-23.5801
-29.4822
-37.4658
-48.3379
-63.2388
-83.7847
-112.274
-151.985
-207.607
-285.862
-396.411
-553.165
-776.19
-1094.48
-1549.99
-2203.52
-3143.24
-4497.23
-6451.64
-9277.25
-13368.3
-19299.1
-27906.9
-40412.4
-58597
-85060.8
-123600
-179761
-261645
-381093
-555412
-809905
-1.18157e+06
-1.72452e+06
-2.51791e+06
-3.6775e+06
-5.37268e+06
-7.85128e+06
-1.14759e+07
-1.67772e+07
-5.07593
-5.10669
-5.14237
-5.18388
-5.23231
-5.28898
-5.35554
-5.43402
-5.52696
-5.63752
-5.76971
-5.92863
-6.12078
-6.35457
-6.6409
-6.994
-7.43262
-7.98156
-8.67391
-9.55408
-10.682
-12.1392
-14.0369
-16.5281
-19.8242
-24.2186
-30.1208
-38.1043
-48.9764
-63.8773
-84.4232
-112.912
-152.624
-208.245
-286.5
-397.049
-553.803
-776.828
-1095.12
-1550.63
-2204.15
-3143.88
-4497.87
-6452.27
-9277.89
-13368.9
-19299.8
-27907.5
-40413
-58597.6
-85061.4
-123601
-179762
-261646
-381094
-555413
-809906
-1.18157e+06
-1.72453e+06
-2.51791e+06
-3.6775e+06
-5.37268e+06
-7.85128e+06
-1.14759e+07
-1.67772e+07
-5.89158
-5.92234
-5.95802
-5.99953
-6.04796
-6.10463
-6.17119
-6.24967
-6.34261
-6.45317
-6.58536
-6.74428
-6.93643
-7.17022
-7.45655
-7.80965
-8.24827
-8.79721
-9.48956
-10.3697
-11.4977
-12.9548
-14.8525
-17.3437
-20.6398
-25.0343
-30.9364
-38.9199
-49.7921
-64.693
-85.2389
-113.728
-153.439
-209.061
-287.316
-397.865
-554.619
-777.644
-1095.93
-1551.45
-2204.97
-3144.69
-4498.69
-6453.09
-9278.7
-13369.8
-19300.6
-27908.3
-40413.8
-58598.4
-85062.2
-123602
-179763
-261647
-381095
-555414
-809907
-1.18157e+06
-1.72453e+06
-2.51791e+06
-3.6775e+06
-5.37268e+06
-7.85128e+06
-1.14759e+07
-1.67772e+07
-6.94193
-6.97269
-7.00838
-7.04988
-7.09831
-7.15498
-7.22154
-7.30003
-7.39296
-7.50352
-7.63571
-7.79463
-7.98678
-8.22058
-8.5069
-8.86001
-9.29862
-9.84756
-10.5399
-11.4201
-12.548
-14.0052
-15.9029
-18.3941
-21.6902
-26.0846
-31.9868
-39.9703
-50.8424
-65.7433
-86.2892
-114.779
-154.49
-210.111
-288.366
-398.915
-555.669
-778.694
-1096.98
-1552.5
-2206.02
-3145.75
-4499.74
-6454.14
-9279.75
-13370.8
-19301.6
-27909.4
-40414.9
-58599.5
-85063.3
-123603
-179764
-261648
-381096
-555415
-809908
-1.18157e+06
-1.72453e+06
-2.51791e+06
-3.6775e+06
-5.37269e+06
-7.85128e+06
-1.14759e+07
-1.67772e+07
-8.30548
-8.33624
-8.37192
-8.41343
-8.46185
-8.51852
-8.58509
-8.66357
-8.75651
-8.86707
-8.99926
-9.15817
-9.35033
-9.58412
-9.87045
-10.2236
-10.6622
-11.2111
-11.9035
-12.7836
-13.9116
-15.3687
-17.2664
-19.7576
-23.0537
-27.4482
-33.3503
-41.3338
-52.206
-67.1069
-87.6528
-116.142
-155.853
-211.475
-289.73
-400.279
-557.033
-780.058
-1098.35
-1553.86
-2207.38
-3147.11
-4501.1
-6455.5
-9281.12
-13372.2
-19303
-27910.7
-40416.2
-58600.8
-85064.7
-123604
-179765
-261649
-381097
-555416
-809909
-1.18158e+06
-1.72453e+06
-2.51791e+06
-3.6775e+06
-5.37269e+06
-7.85128e+06
-1.14759e+07
-1.67772e+07
-10.0898
-10.1206
-10.1563
-10.1978
-10.2462
-10.3029
-10.3695
-10.4479
-10.5409
-10.6514
-10.7836
-10.9425
-11.1347
-11.3685
-11.6548
-12.0079
-12.4465
-12.9955
-13.6878
-14.568
-15.6959
-17.1531
-19.0508
-21.542
-24.8381
-29.2325
-35.1347
-43.1182
-53.9903
-68.8912
-89.4371
-117.926
-157.637
-213.259
-291.514
-402.063
-558.817
-781.842
-1100.13
-1555.64
-2209.17
-3148.89
-4502.88
-6457.29
-9282.9
-13374
-19304.8
-27912.5
-40418
-58602.6
-85066.4
-123606
-179767
-261651
-381099
-555418
-809911
-1.18158e+06
-1.72453e+06
-2.51791e+06
-3.67751e+06
-5.37269e+06
-7.85128e+06
-1.14759e+07
-1.67772e+07
-12.4434
-12.4742
-12.5099
-12.5514
-12.5998
-12.6565
-12.723
-12.8015
-12.8944
-13.005
-13.1372
-13.2961
-13.4883
-13.7221
-14.0084
-14.3615
-14.8001
-15.349
-16.0414
-16.9216
-18.0495
-19.5067
-21.4044
-23.8956
-27.1917
-31.5861
-37.4882
-45.4718
-56.3439
-71.2448
-91.7907
-120.28
-159.991
-215.613
-293.868
-404.417
-561.171
-784.196
-1102.49
-1558
-2211.52
-3151.25
-4505.24
-6459.64
-9285.26
-13376.3
-19307.1
-27914.9
-40420.4
-58605
-85068.8
-123608
-179769
-261653
-381101
-555420
-809913
-1.18158e+06
-1.72453e+06
-2.51792e+06
-3.67751e+06
-5.37269e+06
-7.85129e+06
-1.14759e+07
-1.67772e+07
-15.5718
-15.6026
-15.6383
-15.6798
-15.7282
-15.7849
-15.8514
-15.9299
-16.0229
-16.1334
-16.2656
-16.4245
-16.6167
-16.8505
-17.1368
-17.4899
-17.9285
-18.4775
-19.1698
-20.05
-21.1779
-22.6351
-24.5328
-27.024
-30.3201
-34.7145
-40.6166
-48.6002
-59.4723
-74.3732
-94.9191
-123.408
-163.119
-218.741
-296.996
-407.545
-564.299
-787.324
-1105.61
-1561.13
-2214.65
-3154.38
-4508.37
-6462.77
-9288.38
-13379.4
-19310.3
-27918
-40423.5
-58608.1
-85071.9
-123612
-179772
-261657
-381104
-555423
-809916
-1.18158e+06
-1.72454e+06
-2.51792e+06
-3.67751e+06
-5.37269e+06
-7.85129e+06
-1.14759e+07
-1.67772e+07
-19.7614
-19.7922
-19.8279
-19.8694
-19.9178
-19.9745
-20.041
-20.1195
-20.2125
-20.323
-20.4552
-20.6141
-20.8063
-21.0401
-21.3264
-21.6795
-22.1181
-22.6671
-23.3594
-24.2396
-25.3675
-26.8247
-28.7224
-31.2136
-34.5097
-38.9041
-44.8062
-52.7898
-63.6619
-78.5628
-99.1087
-127.598
-167.309
-222.931
-301.186
-411.735
-568.489
-791.514
-1109.8
-1565.32
-2218.84
-3158.56
-4512.56
-6466.96
-9292.57
-13383.6
-19314.5
-27922.2
-40427.7
-58612.3
-85076.1
-123616
-179777
-261661
-381109
-555427
-809921
-1.18159e+06
-1.72454e+06
-2.51792e+06
-3.67752e+06
-5.3727e+06
-7.85129e+06
-1.14759e+07
-1.67772e+07
-25.4128
-25.4435
-25.4792
-25.5207
-25.5691
-25.6258
-25.6924
-25.7708
-25.8638
-25.9743
-26.1065
-26.2655
-26.4576
-26.6914
-26.9777
-27.3308
-27.7694
-28.3184
-29.0107
-29.8909
-31.0188
-32.476
-34.3737
-36.8649
-40.161
-44.5554
-50.4576
-58.4411
-69.3132
-84.2141
-104.76
-133.249
-172.96
-228.582
-306.837
-417.386
-574.14
-797.165
-1115.46
-1570.97
-2224.49
-3164.22
-4518.21
-6472.61
-9298.23
-13389.3
-19320.1
-27927.8
-40433.3
-58617.9
-85081.8
-123621
-179782
-261666
-381114
-555433
-809926
-1.18159e+06
-1.72455e+06
-2.51793e+06
-3.67752e+06
-5.3727e+06
-7.8513e+06
-1.14759e+07
-1.67772e+07
-33.0885
-33.1193
-33.155
-33.1965
-33.2449
-33.3016
-33.3681
-33.4466
-33.5396
-33.6501
-33.7823
-33.9412
-34.1334
-34.3672
-34.6535
-35.0066
-35.4452
-35.9942
-36.6865
-37.5667
-38.6946
-40.1518
-42.0495
-44.5407
-47.8368
-52.2312
-58.1334
-66.1169
-76.989
-91.8899
-112.436
-140.925
-180.636
-236.258
-314.513
-425.062
-581.816
-804.841
-1123.13
-1578.64
-2232.17
-3171.89
-4525.88
-6480.29
-9305.9
-13397
-19327.8
-27935.5
-40441
-58625.6
-85089.4
-123629
-179790
-261674
-381122
-555441
-809934
-1.1816e+06
-1.72455e+06
-2.51794e+06
-3.67753e+06
-5.37271e+06
-7.85131e+06
-1.14759e+07
-1.67772e+07
-43.5824
-43.6132
-43.6489
-43.6904
-43.7388
-43.7955
-43.862
-43.9405
-44.0334
-44.144
-44.2762
-44.4351
-44.6273
-44.8611
-45.1474
-45.5005
-45.9391
-46.4881
-47.1804
-48.0606
-49.1885
-50.6457
-52.5434
-55.0346
-58.3307
-62.7251
-68.6272
-76.6108
-87.4829
-102.384
-122.93
-151.419
-191.13
-246.752
-325.007
-435.556
-592.31
-815.335
-1133.62
-1589.14
-2242.66
-3182.39
-4536.38
-6490.78
-9316.39
-13407.5
-19338.3
-27946
-40451.5
-58636.1
-85099.9
-123640
-179800
-261685
-381132
-555451
-809944
-1.18161e+06
-1.72456e+06
-2.51795e+06
-3.67754e+06
-5.37272e+06
-7.85132e+06
-1.14759e+07
-1.67773e+07
-58.0178
-58.0486
-58.0843
-58.1258
-58.1742
-58.2309
-58.2975
-58.3759
-58.4689
-58.5794
-58.7116
-58.8705
-59.0627
-59.2965
-59.5828
-59.9359
-60.3745
-60.9235
-61.6158
-62.496
-63.6239
-65.0811
-66.9788
-69.47
-72.7661
-77.1605
-83.0627
-91.0462
-101.918
-116.819
-137.365
-165.854
-205.565
-261.187
-339.442
-449.991
-606.745
-829.77
-1148.06
-1603.57
-2257.1
-3196.82
-4550.81
-6505.22
-9330.83
-13421.9
-19352.7
-27960.4
-40465.9
-58650.5
-85114.4
-123654
-179815
-261699
-381147
-555466
-809959
-1.18163e+06
-1.72458e+06
-2.51796e+06
-3.67755e+06
-5.37274e+06
-7.85133e+06
-1.1476e+07
-1.67773e+07
-77.9905
-78.0212
-78.0569
-78.0984
-78.1469
-78.2035
-78.2701
-78.3486
-78.4415
-78.5521
-78.6843
-78.8432
-79.0353
-79.2691
-79.5555
-79.9086
-80.3472
-80.8961
-81.5885
-82.4686
-83.5966
-85.0537
-86.9514
-89.4426
-92.7387
-97.1332
-103.035
-111.019
-121.891
-136.792
-157.338
-185.827
-225.538
-281.16
-359.415
-469.964
-626.718
-849.743
-1168.03
-1623.54
-2277.07
-3216.79
-4570.78
-6525.19
-9350.8
-13441.9
-19372.7
-27980.4
-40485.9
-58670.5
-85134.3
-123674
-179835
-261719
-381167
-555486
-809979
-1.18165e+06
-1.7246e+06
-2.51798e+06
-3.67757e+06
-5.37276e+06
-7.85135e+06
-1.1476e+07
-1.67773e+07
-105.774
-105.804
-105.84
-105.882
-105.93
-105.987
-106.053
-106.132
-106.225
-106.335
-106.467
-106.626
-106.819
-107.052
-107.339
-107.692
-108.13
-108.679
-109.372
-110.252
-111.38
-112.837
-114.735
-117.226
-120.522
-124.916
-130.819
-138.802
-149.674
-164.575
-185.121
-213.61
-253.321
-308.943
-387.198
-497.747
-654.501
-877.526
-1195.82
-1651.33
-2304.85
-3244.58
-4598.57
-6552.97
-9378.59
-13469.6
-19400.5
-28008.2
-40513.7
-58698.3
-85162.1
-123702
-179863
-261747
-381195
-555513
-810007
-1.18167e+06
-1.72463e+06
-2.51801e+06
-3.6776e+06
-5.37278e+06
-7.85138e+06
-1.1476e+07
-1.67773e+07
-144.615
-144.646
-144.682
-144.723
-144.772
-144.829
-144.895
-144.974
-145.067
-145.177
-145.309
-145.468
-145.66
-145.894
-146.18
-146.534
-146.972
-147.521
-148.213
-149.094
-150.222
-151.679
-153.576
-156.068
-159.364
-163.758
-169.66
-177.644
-188.516
-203.417
-223.963
-252.452
-292.163
-347.785
-426.04
-536.589
-693.343
-916.368
-1234.66
-1690.17
-2343.69
-3283.42
-4637.41
-6591.81
-9417.43
-13508.5
-19439.3
-28047
-40552.5
-58737.1
-85201
-123741
-179901
-261786
-381233
-555552
-810045
-1.18171e+06
-1.72467e+06
-2.51805e+06
-3.67764e+06
-5.37282e+06
-7.85142e+06
-1.1476e+07
-1.67774e+07
-199.168
-199.199
-199.235
-199.276
-199.325
-199.382
-199.448
-199.527
-199.62
-199.73
-199.862
-200.021
-200.213
-200.447
-200.733
-201.087
-201.525
-202.074
-202.766
-203.647
-204.775
-206.232
-208.129
-210.621
-213.917
-218.311
-224.213
-232.197
-243.069
-257.97
-278.516
-307.005
-346.716
-402.338
-480.593
-591.142
-747.896
-970.921
-1289.21
-1744.72
-2398.25
-3337.97
-4691.96
-6646.37
-9471.98
-13563
-19493.9
-28101.6
-40607.1
-58791.7
-85255.5
-123795
-179956
-261840
-381288
-555607
-810100
-1.18177e+06
-1.72472e+06
-2.5181e+06
-3.6777e+06
-5.37288e+06
-7.85147e+06
-1.14761e+07
-1.67774e+07
-276.113
-276.143
-276.179
-276.221
-276.269
-276.326
-276.392
-276.471
-276.564
-276.674
-276.806
-276.965
-277.157
-277.391
-277.678
-278.031
-278.469
-279.018
-279.711
-280.591
-281.719
-283.176
-285.074
-287.565
-290.861
-295.255
-301.157
-309.141
-320.013
-334.914
-355.46
-383.949
-423.66
-479.282
-557.537
-668.086
-824.84
-1047.86
-1366.15
-1821.67
-2475.19
-3414.92
-4768.91
-6723.31
-9548.93
-13640
-19570.8
-28178.5
-40684
-58868.6
-85332.5
-123872
-180033
-261917
-381365
-555684
-810177
-1.18184e+06
-1.7248e+06
-2.51818e+06
-3.67777e+06
-5.37295e+06
-7.85155e+06
-1.14762e+07
-1.67775e+07
-385.059
-385.09
-385.125
-385.167
-385.215
-385.272
-385.338
-385.417
-385.51
-385.62
-385.753
-385.911
-386.104
-386.337
-386.624
-386.977
-387.415
-387.964
-388.657
-389.537
-390.665
-392.122
-394.02
-396.511
-399.807
-404.201
-410.104
-418.087
-428.959
-443.86
-464.406
-492.895
-532.606
-588.228
-666.483
-777.032
-933.786
-1156.81
-1475.1
-1930.61
-2584.14
-3523.86
-4877.85
-6832.26
-9657.87
-13748.9
-19679.8
-28287.5
-40793
-58977.6
-85441.4
-123981
-180142
-262026
-381474
-555793
-810286
-1.18195e+06
-1.72491e+06
-2.51829e+06
-3.67788e+06
-5.37306e+06
-7.85166e+06
-1.14763e+07
-1.67776e+07
-539.862
-539.893
-539.928
-539.97
-540.018
-540.075
-540.141
-540.22
-540.313
-540.423
-540.556
-540.714
-540.907
-541.14
-541.427
-541.78
-542.218
-542.767
-543.46
-544.34
-545.468
-546.925
-548.823
-551.314
-554.61
-559.004
-564.907
-572.89
-583.762
-598.663
-619.209
-647.698
-687.409
-743.031
-821.286
-931.835
-1088.59
-1311.61
-1629.9
-2085.42
-2738.94
-3678.67
-5032.66
-6987.06
-9812.67
-13903.7
-19834.6
-28442.3
-40947.8
-59132.4
-85596.2
-124136
-180297
-262181
-381629
-555948
-810441
-1.18211e+06
-1.72506e+06
-2.51844e+06
-3.67804e+06
-5.37322e+06
-7.85181e+06
-1.14764e+07
-1.67778e+07
-760.527
-760.558
-760.594
-760.635
-760.684
-760.74
-760.807
-760.886
-760.978
-761.089
-761.221
-761.38
-761.572
-761.806
-762.092
-762.446
-762.884
-763.433
-764.125
-765.006
-766.134
-767.591
-769.488
-771.98
-775.276
-779.67
-785.572
-793.556
-804.428
-819.329
-839.875
-868.364
-908.075
-963.697
-1041.95
-1152.5
-1309.25
-1532.28
-1850.57
-2306.08
0
0
0
0
0
0
0
0
0
0
0
0
0
0
0
0
0
0
0
0
0
0
0
0
0
-1075.99
-1076.02
-1076.06
-1076.1
-1076.15
-1076.2
-1076.27
-1076.35
-1076.44
-1076.55
-1076.68
-1076.84
-1077.03
-1077.27
-1077.55
-1077.91
-1078.35
-1078.89
-1079.59
-1080.47
-1081.6
-1083.05
-1084.95
-1087.44
-1090.74
-1095.13
-1101.03
-1109.02
-1119.89
-1134.79
-1155.34
-1183.83
-1223.54
-1279.16
-1357.41
-1467.96
-1624.72
-1847.74
-2166.03
-2621.54
0
0
0
0
0
0
0
0
0
0
0
0
0
0
0
0
0
0
0
0
0
0
0
0
0
-1528.15
-1528.18
-1528.21
-1528.26
-1528.3
-1528.36
-1528.43
-1528.51
-1528.6
-1528.71
-1528.84
-1529
-1529.19
-1529.43
-1529.71
-1530.07
-1530.5
-1531.05
-1531.75
-1532.63
-1533.75
-1535.21
-1537.11
-1539.6
-1542.9
-1547.29
-1553.19
-1561.18
-1572.05
-1586.95
-1607.49
-1635.98
-1675.7
-1731.32
-1809.57
-1920.12
-2076.87
-2299.9
-2618.19
-3073.7
0
0
0
0
0
0
0
0
0
0
0
0
0
0
0
0
0
0
0
0
0
0
0
0
0
-2177.76
-2177.79
-2177.83
-2177.87
-2177.92
-2177.97
-2178.04
-2178.12
-2178.21
-2178.32
-2178.45
-2178.61
-2178.81
-2179.04
-2179.33
-2179.68
-2180.12
-2180.67
-2181.36
-2182.24
-2183.37
-2184.82
-2186.72
-2189.21
-2192.51
-2196.9
-2202.81
-2210.79
-2221.66
-2236.56
-2257.11
-2285.6
-2325.31
-2380.93
-2459.18
-2569.73
-2726.49
-2949.51
-3267.8
-3723.31
0
0
0
0
0
0
0
0
0
0
0
0
0
0
0
0
0
0
0
0
0
0
0
0
0
-3113.02
-3113.05
-3113.09
-3113.13
-3113.18
-3113.23
-3113.3
-3113.38
-3113.47
-3113.58
-3113.72
-3113.87
-3114.07
-3114.3
-3114.59
-3114.94
-3115.38
-3115.93
-3116.62
-3117.5
-3118.63
-3120.08
-3121.98
-3124.47
-3127.77
-3132.16
-3138.07
-3146.05
-3156.92
-3171.82
-3192.37
-3220.86
-3260.57
-3316.19
-3394.45
-3505
-3661.75
-3884.77
-4203.06
-4658.58
0
0
0
0
0
0
0
0
0
0
0
0
0
0
0
0
0
0
0
0
0
0
0
0
0
-4462.08
-4462.11
-4462.15
-4462.19
-4462.24
-4462.29
-4462.36
-4462.44
-4462.53
-4462.64
-4462.77
-4462.93
-4463.12
-4463.36
-4463.64
-4464
-4464.44
-4464.98
-4465.68
-4466.56
-4467.69
-4469.14
-4471.04
-4473.53
-4476.83
-4481.22
-4487.12
-4495.11
-4505.98
-4520.88
-4541.43
-4569.92
-4609.63
-4665.25
-4743.5
-4854.05
-5010.81
-5233.83
-5552.12
-6007.63
0
0
0
0
0
0
0
0
0
0
0
0
0
0
0
0
0
0
0
0
0
0
0
0
0
-6411.3
-6411.33
-6411.36
-6411.4
-6411.45
-6411.51
-6411.58
-6411.65
-6411.75
-6411.86
-6411.99
-6412.15
-6412.34
-6412.58
-6412.86
-6413.21
-6413.65
-6414.2
-6414.89
-6415.78
-6416.9
-6418.36
-6420.26
-6422.75
-6426.05
-6430.44
-6436.34
-6444.33
-6455.2
-6470.1
-6490.64
-6519.13
-6558.84
-6614.47
-6692.72
-6803.27
-6960.02
-7183.05
-7501.34
-7956.85
0
0
0
0
0
0
0
0
0
0
0
0
0
0
0
0
0
0
0
0
0
0
0
0
0
-9231.91
-9231.94
-9231.98
-9232.02
-9232.07
-9232.12
-9232.19
-9232.27
-9232.36
-9232.47
-9232.61
-9232.76
-9232.96
-9233.19
-9233.48
-9233.83
-9234.27
-9234.82
-9235.51
-9236.39
-9237.52
-9238.97
-9240.87
-9243.36
-9246.66
-9251.05
-9256.96
-9264.94
-9275.81
-9290.71
-9311.26
-9339.75
-9379.46
-9435.08
-9513.34
-9623.89
-9780.64
-10003.7
-10322
-10777.5
0
0
0
0
0
0
0
0
0
0
0
0
0
0
0
0
0
0
0
0
0
0
0
0
0
-13319
-13319
-13319
-13319.1
-13319.1
-13319.2
-13319.2
-13319.3
-13319.4
-13319.5
-13319.7
-13319.8
-13320
-13320.2
-13320.5
-13320.9
-13321.3
-13321.9
-13322.6
-13323.4
-13324.6
-13326
-13327.9
-13330.4
-13333.7
-13338.1
-13344
-13352
-13362.9
-13377.8
-13398.3
-13426.8
-13466.5
-13522.1
-13600.4
-13710.9
-13867.7
-14090.7
-14409
-14864.5
0
0
0
0
0
0
0
0
0
0
0
0
0
0
0
0
0
0
0
0
0
0
0
0
0
-19248.1
-19248.2
-19248.2
-19248.2
-19248.3
-19248.3
-19248.4
-19248.5
-19248.6
-19248.7
-19248.8
-19249
-19249.2
-19249.4
-19249.7
-19250
-19250.5
-19251
-19251.7
-19252.6
-19253.7
-19255.2
-19257.1
-19259.6
-19262.9
-19267.3
-19273.2
-19281.1
-19292
-19306.9
-19327.5
-19356
-19395.7
-19451.3
-19529.5
-19640.1
-19796.8
-20019.9
-20338.2
-20793.7
0
0
0
0
0
0
0
0
0
0
0
0
0
0
0
0
0
0
0
0
0
0
0
0
0
-27858.8
-27858.8
-27858.9
-27858.9
-27859
-27859
-27859.1
-27859.2
-27859.3
-27859.4
-27859.5
-27859.7
-27859.9
-27860.1
-27860.4
-27860.7
-27861.2
-27861.7
-27862.4
-27863.3
-27864.4
-27865.9
-27867.8
-27870.3
-27873.6
-27878
-27883.9
-27891.8
-27902.7
-27917.6
-27938.2
-27966.6
-28006.4
-28062
-28140.2
-28250.8
-28407.5
-28630.6
-28948.9
-29404.4
0
0
0
0
0
0
0
0
0
0
0
0
0
0
0
0
0
0
0
0
0
0
0
0
0
-40375.6
-40375.6
-40375.6
-40375.7
-40375.7
-40375.8
-40375.8
-40375.9
-40376
-40376.1
-40376.2
-40376.4
-40376.6
-40376.8
-40377.1
-40377.5
-40377.9
-40378.5
-40379.2
-40380
-40381.2
-40382.6
-40384.5
-40387
-40390.3
-40394.7
-40400.6
-40408.6
-40419.5
-40434.4
-40454.9
-40483.4
-40523.1
-40578.7
-40657
-40767.5
-40924.3
-41147.3
-41465.6
-41921.1
0
0
0
0
0
0
0
0
0
0
0
0
0
0
0
0
0
0
0
0
0
0
0
0
0
-58585.5
-58585.5
-58585.5
-58585.6
-58585.6
-58585.7
-58585.7
-58585.8
-58585.9
-58586
-58586.1
-58586.3
-58586.5
-58586.7
-58587
-58587.4
-58587.8
-58588.4
-58589.1
-58589.9
-58591.1
-58592.5
-58594.4
-58596.9
-58600.2
-58604.6
-58610.5
-58618.5
-58629.4
-58644.3
-58664.8
-58693.3
-58733
-58788.6
-58866.9
-58977.4
-59134.2
-59357.2
-59675.5
-60131
0
0
0
0
0
0
0
0
0
0
0
0
0
0
0
0
0
0
0
0
0
0
0
0
0
-85097.6
-85097.6
-85097.7
-85097.7
-85097.8
-85097.8
-85097.9
-85098
-85098.1
-85098.2
-85098.3
-85098.5
-85098.7
-85098.9
-85099.2
-85099.5
-85100
-85100.5
-85101.2
-85102.1
-85103.2
-85104.7
-85106.6
-85109.1
-85112.4
-85116.8
-85122.7
-85130.6
-85141.5
-85156.4
-85177
-85205.5
-85245.2
-85300.8
-85379
-85489.6
-85646.3
-85869.4
-86187.7
-86643.2
0
0
0
0
0
0
0
0
0
0
0
0
0
0
0
0
0
0
0
0
0
0
0
0
0
-123723
-123723
-123723
-123723
-123723
-123723
-123723
-123723
-123723
-123723
-123723
-123723
-123724
-123724
-123724
-123724
-123725
-123725
-123726
-123727
-123728
-123730
-123731
-123734
-123737
-123742
-123748
-123756
-123766
-123781
-123802
-123830
-123870
-123926
-124004
-124115
-124271
-124494
-124813
-125268
0
0
0
0
0
0
0
0
0
0
0
0
0
0
0
0
0
0
0
0
0
0
0
0
0
-180027
-180027
-180027
-180027
-180027
-180027
-180027
-180027
-180027
-180027
-180028
-180028
-180028
-180028
-180028
-180029
-180029
-180030
-180030
-180031
-180032
-180034
-180036
-180038
-180042
-180046
-180052
-180060
-180071
-180086
-180106
-180135
-180174
-180230
-180308
-180419
-180576
-180799
-181117
-181572
0
0
0
0
0
0
0
0
0
0
0
0
0
0
0
0
0
0
0
0
0
0
0
0
0
-262145
-262145
-262145
-262145
-262145
-262145
-262145
-262145
-262145
-262146
-262146
-262146
-262146
-262146
-262147
-262147
-262147
-262148
-262149
-262149
-262151
-262152
-262154
-262156
-262160
-262164
-262170
-262178
-262189
-262204
-262224
-262253
-262293
-262348
-262426
-262537
-262694
-262917
-263235
-263691
0
0
0
0
0
0
0
0
0
0
0
0
0
0
0
0
0
0
0
0
0
0
0
0
0
