2
827.563
3193.25
7099.06
12545
19531.1
28057.3
38123.6
49730
62876.6
77563.3
93790.1
111557
130864
151711
174099
198026
223494
250501
279049
309137
340765
373933
408642
444890
482679
522007
562876
605285
649234
694723
741753
790322
840432
892081
945271
873.358
1698.92
4064.61
7970.42
13416.4
20402.4
28928.6
38994.9
50601.4
63747.9
78434.6
94661.4
112428
131735
152583
174970
198897
224365
251373
279920
310008
341636
374805
409513
445761
483550
522879
563747
606156
650105
695595
742624
791193
841303
892953
946142
3373.29
4198.85
6564.54
10470.4
15916.3
22902.4
31428.5
41494.9
53101.3
66247.9
80934.5
97161.4
114928
134235
155083
177470
201397
226865
253873
282420
312508
344136
377305
412013
448261
486050
525379
566247
608656
652605
698095
745124
793693
843803
895453
948642
7501.8
8327.36
10693
14598.9
20044.8
27030.9
35557
45623.4
57229.8
70376.4
85063
101290
119057
138364
159211
181598
205526
230993
258001
286549
316637
348265
381433
416141
452390
490178
529507
570376
612785
656734
702223
749252
797822
847931
899581
952771
13258.9
14084.4
16450.1
20355.9
25801.9
32787.9
41314.1
51380.4
62986.9
76133.4
90820.1
107047
124814
144121
164968
187355
211283
236750
263758
292306
322394
354022
387190
421898
458147
495935
535264
576133
618542
662491
707980
755009
803579
853688
905338
958528
20644.5
21470.1
23835.8
27741.6
33187.5
40173.6
48699.8
58766.1
70372.5
83519.1
98205.8
114433
132200
151507
172354
194741
218669
244136
271144
299692
329780
361408
394576
429284
465533
503321
542650
583519
625928
669877
715366
762395
810965
861074
912724
965914
29658.8
30484.3
32850
36755.8
42201.8
49187.8
57714
67780.3
79386.8
92533.3
107220
123447
141214
160521
181368
203755
227683
253150
280158
308706
338794
370422
403590
438298
474547
512335
551664
592533
634942
678891
724380
771409
819979
870088
921738
974928
40301.6
41127.1
43492.8
47398.6
52844.6
59830.6
68356.8
78423.1
90029.6
103176
117863
134090
151857
171164
192011
214398
238326
263793
290801
319349
349437
381065
414233
448941
485190
522978
562307
603176
645585
689534
735023
782052
830622
880731
932381
985571
52572.9
53398.5
55764.2
59670
65115.9
72102
80628.2
90694.5
102301
115448
130134
146361
164128
183435
204282
226670
250597
276065
303072
331620
361708
393336
426504
461213
497461
535250
574578
615447
657856
701805
747294
794324
842893
893003
944652
997842
66472.9
67298.5
69664.1
73570
79015.9
86002
94528.1
104594
116201
129347
144034
160261
178028
197335
218182
240569
264497
289964
316972
345520
375608
407236
440404
475112
511361
549149
588478
629347
671756
715705
761194
808223
856793
906902
958552
1.01174e+06
82001.4
82827
85192.7
89098.5
94544.4
101530
110057
120123
131729
144876
159563
175789
193556
212863
233711
256098
280025
305493
332501
361048
391136
422764
455933
490641
526889
564678
604007
644875
687284
731233
776723
823752
872321
922431
974081
1.02727e+06
99158.5
99984.1
102350
106256
111702
118688
127214
137280
148887
162033
176720
192947
210714
230021
250868
273255
297183
322650
349658
378206
408294
439922
473090
507798
544047
581835
621164
662033
704442
748391
793880
840909
889479
939588
991238
1.04443e+06
117944
118770
121135
125041
130487
137473
145999
156066
167672
180819
195505
211732
229499
248806
269653
292041
315968
341436
368443
396991
427079
458707
491875
526584
562832
600621
639949
680818
723227
767176
812665
859695
908264
958374
1.01002e+06
1.06321e+06
138358
139184
141550
145455
150901
157887
166414
176480
188086
201233
215920
232146
249913
269220
290068
312455
336382
361850
388858
417405
447493
479121
512290
546998
583246
621035
660364
701232
743641
787590
833080
880109
928678
978788
1.03044e+06
1.08363e+06
160401
161227
163593
167498
172944
179930
188457
198523
210129
223276
237963
254189
271956
291263
312111
334498
358425
383893
410901
439448
469536
501164
534333
569041
605289
643078
682407
723275
765684
809633
855123
902152
950721
1.00083e+06
1.05248e+06
1.10567e+06
184073
184898
187264
191170
196616
203602
212128
222194
233801
246947
261634
277861
295628
314935
335782
358169
382097
407564
434572
463120
493208
524836
558004
592712
628961
666749
706078
746947
789356
833305
878794
925823
974393
1.0245e+06
1.07615e+06
1.12934e+06
209373
210198
212564
216470
221916
228902
237428
247494
259101
272247
286934
303161
320928
340235
361082
383469
407397
432864
459872
488420
0
0
0
0
0
0
0
0
0
0
0
0
0
0
0
0
236301
237127
239492
243398
248844
255830
264356
274423
286029
299176
313862
330089
347856
367163
388010
410398
434325
459793
486800
515348
0
0
0
0
0
0
0
0
0
0
0
0
0
0
0
0
264858
265684
268050
271955
277401
284387
292914
302980
314586
327733
342420
358646
376413
395720
416568
438955
462882
488350
515358
543905
0
0
0
0
0
0
0
0
0
0
0
0
0
0
0
0
295044
295870
298235
302141
307587
314573
323099
333166
344772
357919
372605
388832
406599
425906
446753
469141
493068
518536
545543
574091
0
0
0
0
0
0
0
0
0
0
0
0
0
0
0
0
326858
327684
330049
333955
339401
346387
354913
364980
376586
389733
404419
420646
438413
457720
478567
500955
524882
550350
577357
605905
0
0
0
0
0
0
0
0
0
0
0
0
0
0
0
0
360301
361127
363492
367398
372844
379830
388356
398423
410029
423176
437862
454089
471856
491163
512010
534398
558325
583793
610800
639348
0
0
0
0
0
0
0
0
0
0
0
0
0
0
0
0
395372
396198
398564
402470
407915
414902
423428
433494
445100
458247
472934
489161
506927
526235
547082
569469
593396
618864
645872
674420
0
0
0
0
0
0
0
0
0
0
0
0
0
0
0
0
432072
432898
435264
439170
444615
451602
460128
470194
481800
494947
509634
525861
543627
562935
583782
606169
630096
655564
682572
711120
0
0
0
0
0
0
0
0
0
0
0
0
0
0
0
0
470401
471227
473592
477498
482944
489930
498456
508523
520129
533276
547962
564189
581956
601263
622110
644498
668425
693893
720900
749448
0
0
0
0
0
0
0
0
0
0
0
0
0
0
0
0
510358
511184
513549
517455
522901
529887
538413
548480
560086
573233
587919
604146
621913
641220
662067
684455
708382
733850
760857
789405
0
0
0
0
0
0
0
0
0
0
0
0
0
0
0
0
551944
552769
555135
559041
564487
571473
579999
590065
601672
614818
629505
645732
663499
682806
703653
726040
749968
775435
802443
830991
0
0
0
0
0
0
0
0
0
0
0
0
0
0
0
0
595158
595984
598349
602255
607701
614687
623213
633280
644886
658033
672719
688946
706713
726020
746867
769255
793182
818650
845657
874205
0
0
0
0
0
0
0
0
0
0
0
0
0
0
0
0
