0
0
0
0
0
0
0
0
0
0
0
0
0
0
0
0
0
0
0
0
0
0
0
0
0
0
0
0
0
0
0
0
0
0
0.261746
0.543351
0.852033
1.19273
1.56936
1.9852
2.44273
2.94329
3.48648
4.06922
4.68429
5.31839
5.94921
6.54155
7.0425
7.37749
7.45442
7.19893
6.67523
6.29916
6.51128
7.18035
8.11261
9.23101
10.53
12.0301
13.7609
15.7577
18.0609
20.7045
23.2725
0
0
0.547248
1.14607
1.8058
2.53511
3.34179
4.23253
5.2125
6.28447
7.44741
8.69449
10.0101
11.3652
12.7118
13.9736
15.0363
15.7391
15.8829
15.3069
14.1485
13.3047
13.7245
15.1223
17.0798
19.4302
22.1607
25.3138
28.9519
33.1491
37.9903
43.5463
48.9215
0
0
0.862235
1.81604
2.87238
4.04287
5.33886
6.77048
8.34565
10.0685
11.937
13.9399
16.0514
18.2246
20.3808
22.3965
24.086
25.188
25.3792
24.3972
22.4631
21.0332
21.6446
23.8266
26.9002
30.5946
34.887
39.8439
45.5633
52.1617
59.7724
68.5057
76.9168
0
0
1.21179
2.56193
4.06413
5.73311
7.58363
9.62923
11.8805
14.3427
17.0126
19.8731
22.8867
25.985
29.0541
31.915
34.2991
35.8281
36.0333
34.5322
31.6405
29.4703
30.2412
33.2543
37.5272
42.669
48.6443
55.5449
63.5068
72.6925
83.2873
95.4431
107.094
0
0
1.60067
3.39291
5.39455
7.62423
10.1005
12.8403
15.8569
19.1565
22.7335
26.5643
30.597
34.7379
38.832
42.6355
45.7831
47.7596
47.9252
45.7537
41.6666
38.5536
39.4298
43.3058
48.8455
55.5203
63.2787
72.2387
82.5768
94.5038
108.261
124.042
139.088
0
0
2.03354
4.3184
6.8779
9.73572
12.9149
16.4364
20.3158
24.5599
29.1602
34.0845
39.2639
44.5752
49.8145
54.6625
58.6404
61.0724
61.116
58.0697
52.4712
48.1471
49.0456
53.7932
60.64
68.9013
78.5058
89.5982
102.397
117.162
134.193
153.727
172.25
0
0
2.51494
5.34788
8.52881
12.0877
16.0531
20.4503
25.2979
30.6027
36.3521
42.5034
48.9673
55.5854
62.0967
68.0928
72.9618
75.8378
75.6354
71.435
63.8989
58.0051
58.8064
64.3995
72.5505
82.4001
93.8538
107.082
122.346
139.955
160.265
183.556
205.522
0
0
3.04933
6.49068
10.3618
14.7001
19.5408
24.9145
30.8429
37.3325
44.3656
51.8864
59.7812
67.8497
75.7633
83.0091
88.8176
92.0965
91.4652
85.7258
75.6658
67.7189
68.2595
74.6237
84.01
95.3703
108.584
123.845
141.454
161.77
185.201
212.068
237.27
0
0
3.6409
7.75561
12.3906
17.592
23.4026
29.8593
36.9872
44.7926
53.2509
62.2907
71.7689
81.4352
90.8814
99.4706
106.246
109.843
108.517
100.703
87.2969
76.6394
76.7082
83.7021
94.1585
106.834
121.581
138.614
158.267
180.94
207.092
237.072
265.062
0
0
4.29342
9.15056
14.6277
20.7802
27.6601
35.311
43.7621
53.0188
63.0485
73.7606
84.9769
96.388
107.491
117.502
125.24
129.009
126.606
115.964
98.0331
83.7628
83.1074
90.5006
101.723
115.349
131.203
149.515
170.645
195.022
223.137
255.366
285.346
0
0
5.00995
10.6819
17.0827
24.2783
32.3302
41.2896
51.1902
62.0359
73.7842
86.3218
99.4283
112.724
125.594
137.08
145.73
149.442
145.421
130.884
106.69
87.5583
85.9189
93.3643
104.853
118.819
135.07
153.842
175.501
200.489
229.309
262.345
293.023
0
0
5.79258
12.3539
19.7621
28.0944
37.4225
47.8058
59.282
71.8529
85.4638
99.9742
115.114
130.421
145.146
158.121
167.572
170.888
164.496
144.545
111.437
85.7028
82.9093
89.909
100.888
114.24
129.779
147.726
168.435
192.326
219.881
251.468
280.844
0
0
6.64195
14.1676
22.6671
32.2295
42.937
54.8571
68.0313
82.4578
98.0668
114.685
131.985
149.405
166.04
180.474
190.538
192.99
183.21
155.688
109.432
74.6586
70.8789
76.7328
86.035
97.3427
110.499
125.694
143.227
163.454
186.784
213.533
238.562
0
0
7.55689
16.1202
25.7926
36.6751
48.8605
62.4242
77.4103
93.8113
111.539
130.381
149.942
169.546
188.104
203.91
214.324
215.315
200.856
162.765
96.1711
48.9674
45.3123
49.0205
54.9282
62.0925
70.4238
80.0458
91.1479
103.956
118.729
135.674
151.736
0
0
8.53373
18.2034
29.1245
41.4098
55.1627
70.4652
87.3626
105.839
125.783
146.938
168.827
190.646
211.098
228.139
238.585
237.455
216.888
164.414
64.1851
0
0
0
0
0
0
0
0
0
0
0
0
0
0
9.56534
20.4015
32.6365
46.3949
61.7892
78.9072
97.7928
118.419
140.645
164.164
188.41
212.432
234.706
252.821
262.996
259.216
231.532
161.491
0
0
0
0
0
0
0
0
0
0
0
0
0
0
0
10.6389
22.6866
36.2828
51.5629
68.6475
87.6276
108.543
131.352
155.882
181.766
208.343
234.512
258.506
277.549
287.28
280.768
246.646
165.177
0
0
0
0
0
0
0
0
0
0
0
0
0
0
0
11.7309
25.0072
39.9795
56.7921
75.5712
96.409
119.338
144.297
171.078
199.251
228.059
256.249
281.83
301.687
310.959
302.004
262.579
172.685
0
0
0
0
0
0
0
0
0
0
0
0
0
0
0
12.7942
27.2614
43.5607
61.8423
82.235
104.828
129.642
156.593
185.435
215.679
246.473
276.433
303.377
323.917
332.814
321.908
278.359
181.759
0
0
0
0
0
0
0
0
0
0
0
0
0
0
0
13.727
29.2297
46.6707
66.2007
87.9452
111.984
138.322
166.848
197.277
229.066
261.294
292.479
320.318
341.262
349.856
337.65
291.384
190.007
0
0
0
0
0
0
0
0
0
0
0
0
0
0
0
14.2983
30.414
48.5035
68.7075
91.137
115.852
142.832
171.937
202.848
234.986
267.402
298.599
326.279
346.934
355.178
342.631
295.984
193.646
0
0
0
0
0
0
0
0
0
0
0
0
0
0
0
13.954
29.6213
47.1311
66.5928
88.0817
111.62
137.149
164.5
193.338
223.103
252.911
281.415
306.576
325.308
332.843
321.63
279.276
184.609
0
0
0
0
0
0
0
0
0
0
0
0
0
0
0
11.2113
23.6651
37.4223
52.5224
68.9736
86.7419
105.736
125.789
146.632
167.857
188.865
208.777
226.292
239.43
245.08
238.1
209.48
142.126
0
0
0
0
0
0
0
0
0
0
0
0
0
0
0
0
0
0
0
0
0
0
0
0
0
0
0
0
0
0
0
0
0
0
0
0
0
0
0
0
0
0
0
0
0
0
0
