8.18838e-08
0
0
0
0
0
0
0
0
0
0
0
0
0
0
0
0
0
0
0
0
0
0
0
0
0
0
0
0
0
0
0
0
2.44939e-07
8.27782e-08
3.74591e-08
2.01992e-08
1.14166e-08
6.57721e-09
3.95189e-09
2.56354e-09
1.84767e-09
1.49174e-09
1.32152e-09
1.23572e-09
1.17365e-09
1.10055e-09
9.99705e-10
8.66578e-10
7.05342e-10
5.25233e-10
3.41288e-10
1.77238e-10
6.83258e-11
1.95541e-11
3.86535e-12
1.13687e-13
3.41061e-13
1.02318e-12
1.13687e-12
1.36424e-12
1.59162e-12
1.36424e-12
1.13687e-12
2.72848e-12
0
6.46931e-08
8.91214e-08
6.4126e-08
3.95517e-08
2.3176e-08
1.35726e-08
8.2642e-09
5.42089e-09
3.93941e-09
3.19746e-09
2.84092e-09
2.66004e-09
2.52771e-09
2.37063e-09
2.15334e-09
1.86645e-09
1.51903e-09
1.13118e-09
7.35042e-10
3.81533e-10
1.47281e-10
4.24052e-11
8.52651e-12
5.68434e-13
5.68434e-13
1.47793e-12
2.27374e-12
2.72848e-12
3.18323e-12
2.95586e-12
2.27374e-12
4.54747e-12
0
1.89046e-07
1.40954e-07
9.22106e-08
5.622e-08
3.3445e-08
2.01038e-08
1.25818e-08
8.44658e-09
6.24321e-09
5.12286e-09
4.57915e-09
4.29961e-09
4.09008e-09
3.83696e-09
3.48504e-09
3.02038e-09
2.45771e-09
1.82985e-09
1.18865e-09
6.1641e-10
2.37662e-10
6.86668e-11
1.39835e-11
1.13687e-12
5.68434e-13
1.93268e-12
3.41061e-12
4.09273e-12
4.3201e-12
4.3201e-12
3.41061e-12
5.91172e-12
0
3.71011e-07
1.93242e-07
1.07666e-07
6.36599e-08
3.91809e-08
2.48451e-08
1.63514e-08
1.14228e-08
8.68711e-09
7.2595e-09
6.55503e-09
6.18404e-09
5.89313e-09
5.53078e-09
5.023e-09
4.35227e-09
3.54032e-09
2.63503e-09
1.7107e-09
8.85734e-10
3.41004e-10
9.85665e-11
2.04636e-11
1.7053e-12
5.68434e-13
1.93268e-12
3.86535e-12
4.77485e-12
4.54747e-12
5.22959e-12
3.18323e-12
6.36646e-12
0
7.69817e-08
7.63311e-08
6.45292e-08
5.02361e-08
3.7053e-08
2.65135e-08
1.89712e-08
1.40697e-08
1.11602e-08
9.58265e-09
8.78462e-09
8.34645e-09
7.97507e-09
7.48932e-09
6.80049e-09
5.88997e-09
4.7888e-09
3.56226e-09
2.31029e-09
1.1932e-09
4.57817e-10
1.32331e-10
2.8308e-11
2.95586e-12
1.13687e-13
1.59162e-12
4.09273e-12
5.22959e-12
4.54747e-12
5.68434e-12
2.50111e-12
5.91172e-12
0
1.62692e-07
3.67342e-08
1.57672e-08
3.10649e-08
3.06893e-08
2.55347e-08
2.01981e-08
1.61487e-08
1.35389e-08
1.20581e-08
1.12842e-08
1.08261e-08
1.03818e-08
9.75706e-09
8.85672e-09
7.66582e-09
6.22791e-09
4.6287e-09
2.99707e-09
1.54176e-09
5.87988e-10
1.69393e-10
3.68345e-11
4.20641e-12
3.41061e-13
1.36424e-12
4.09273e-12
5.22959e-12
4.54747e-12
5.68434e-12
2.04636e-12
5.91172e-12
0
1.34719e-07
7.66573e-08
4.88694e-08
3.56763e-08
2.86079e-08
2.38945e-08
2.02883e-08
1.75729e-08
1.57399e-08
1.46646e-08
1.4081e-08
1.3674e-08
1.31712e-08
1.23886e-08
1.12386e-08
9.71761e-09
7.88609e-09
5.85328e-09
3.78077e-09
1.93279e-09
7.30381e-10
2.09411e-10
4.59295e-11
5.68434e-12
7.95808e-13
1.25056e-12
4.54747e-12
5.00222e-12
4.77485e-12
5.91172e-12
2.27374e-12
6.82121e-12
0
1.40716e-07
7.04149e-08
3.74977e-08
2.49053e-08
2.11032e-08
1.99617e-08
1.91826e-08
1.83986e-08
1.77881e-08
1.74386e-08
1.72364e-08
1.69663e-08
1.64197e-08
1.54525e-08
1.40031e-08
1.20896e-08
9.79526e-09
7.25623e-09
4.67008e-09
2.36497e-09
8.81585e-10
2.50679e-10
5.50244e-11
7.27596e-12
1.02318e-12
1.25056e-12
5.00222e-12
5.22959e-12
5.22959e-12
6.13909e-12
2.50111e-12
7.27596e-12
0
3.33494e-07
1.61062e-07
6.43814e-08
1.56986e-08
6.0406e-09
1.46268e-08
1.77792e-08
1.9105e-08
1.99281e-08
2.05439e-08
2.08899e-08
2.08274e-08
2.02349e-08
1.90374e-08
1.72199e-08
1.48335e-08
1.19909e-08
8.85831e-09
5.67161e-09
2.83165e-09
1.03398e-09
2.90356e-10
6.36646e-11
8.98126e-12
1.13687e-12
1.36424e-12
5.00222e-12
5.22959e-12
5.22959e-12
6.13909e-12
2.95586e-12
7.7307e-12
0
3.5943e-07
2.05296e-07
1.10622e-07
5.78329e-08
3.19949e-08
2.18016e-08
1.95873e-08
2.07072e-08
2.26763e-08
2.43556e-08
2.53231e-08
2.54666e-08
2.47736e-08
2.32607e-08
2.09747e-08
1.80094e-08
1.45117e-08
1.06795e-08
6.78705e-09
3.31687e-09
1.17382e-09
3.23325e-10
7.04858e-11
1.04592e-11
1.02318e-12
1.25056e-12
4.54747e-12
5.00222e-12
4.77485e-12
5.91172e-12
3.18323e-12
7.7307e-12
0
8.45911e-08
5.76027e-08
3.70682e-08
2.05284e-08
6.6519e-09
5.00166e-09
1.44209e-08
2.15515e-08
2.6507e-08
2.95649e-08
3.10493e-08
3.12246e-08
3.02632e-08
2.82773e-08
2.53721e-08
2.16848e-08
1.73969e-08
1.27356e-08
8.0089e-09
3.78748e-09
1.27676e-09
3.41856e-10
7.36691e-11
1.13687e-11
1.02318e-12
1.25056e-12
3.86535e-12
4.77485e-12
4.09273e-12
5.22959e-12
3.18323e-12
7.7307e-12
0
3.69369e-07
2.44563e-07
1.48499e-07
7.86892e-08
3.09666e-08
3.0478e-10
1.82761e-08
2.89817e-08
3.487e-08
3.78515e-08
3.89422e-08
3.85994e-08
3.70109e-08
3.42829e-08
3.0535e-08
2.59319e-08
2.06826e-08
1.50341e-08
9.31379e-09
4.1797e-09
1.30126e-09
3.34126e-10
7.09406e-11
1.1255e-11
1.02318e-12
1.13687e-12
3.18323e-12
4.3201e-12
3.41061e-12
4.54747e-12
2.95586e-12
7.27596e-12
0
3.26347e-07
2.39729e-07
1.73089e-07
1.24781e-07
9.21001e-08
7.1731e-08
6.0247e-08
5.45318e-08
5.20418e-08
5.08952e-08
4.9832e-08
4.81064e-08
4.53586e-08
4.14952e-08
3.65904e-08
3.08155e-08
2.43916e-08
1.75659e-08
1.06536e-08
4.37353e-09
1.17905e-09
2.84217e-10
5.91172e-11
9.43601e-12
7.95808e-13
7.95808e-13
2.04636e-12
3.41061e-12
2.50111e-12
3.18323e-12
2.50111e-12
5.91172e-12
0
1.79168e-07
1.51235e-07
1.26728e-07
1.06555e-07
9.11588e-08
8.0406e-08
7.36051e-08
6.96599e-08
6.73183e-08
6.54311e-08
6.31356e-08
5.99178e-08
5.55698e-08
5.00975e-08
4.36315e-08
3.63651e-08
2.85146e-08
2.02941e-08
1.19441e-08
4.13911e-09
8.00981e-10
1.75191e-10
3.5584e-11
5.57066e-12
4.54747e-13
3.41061e-13
9.09495e-13
1.81899e-12
1.36424e-12
1.81899e-12
1.36424e-12
3.63798e-12
0
2.27427e-07
1.50618e-07
8.42474e-08
2.95217e-08
1.31485e-08
4.42045e-08
6.48512e-08
7.68284e-08
8.20951e-08
8.25116e-08
7.9608e-08
7.44871e-08
6.78583e-08
6.01495e-08
5.16331e-08
4.2516e-08
3.29743e-08
2.3139e-08
1.30667e-08
3.0156e-09
0
0
0
0
0
0
0
0
0
0
0
0
0
2.99914e-07
2.67242e-07
2.37623e-07
2.11379e-07
1.88582e-07
1.69052e-07
1.52394e-07
1.38071e-07
1.25483e-07
1.14051e-07
1.03265e-07
9.27183e-08
8.21262e-08
7.13264e-08
6.02717e-08
4.89978e-08
3.75652e-08
2.59686e-08
1.39431e-08
0
0
0
0
0
0
0
0
0
0
0
0
0
0
4.24546e-07
3.79204e-07
3.35948e-07
2.95734e-07
2.59347e-07
2.27287e-07
1.99682e-07
1.7626e-07
1.56401e-07
1.39255e-07
1.2392e-07
1.09614e-07
9.57837e-08
8.21376e-08
6.85893e-08
5.51583e-08
4.18598e-08
2.85937e-08
1.49789e-08
0
0
0
0
0
0
0
0
0
0
0
0
0
0
9.76316e-08
4.40299e-08
5.14775e-09
4.8374e-08
8.43312e-08
1.12071e-07
1.31154e-07
1.41729e-07
1.44533e-07
1.40784e-07
1.31998e-07
1.19753e-07
1.05473e-07
9.02778e-08
7.49235e-08
5.98179e-08
4.50767e-08
3.05595e-08
1.58296e-08
0
0
0
0
0
0
0
0
0
0
0
0
0
0
5.44538e-07
4.95995e-07
4.47788e-07
4.00768e-07
3.55761e-07
3.1349e-07
2.74509e-07
2.39144e-07
2.07472e-07
1.79333e-07
1.54382e-07
1.32161e-07
1.12175e-07
9.39529e-08
7.70825e-08
6.12105e-08
4.6014e-08
3.11378e-08
1.6079e-08
0
0
0
0
0
0
0
0
0
0
0
0
0
0
2.91246e-07
2.76264e-07
2.60333e-07
2.43623e-07
2.26363e-07
2.08822e-07
1.91296e-07
1.74067e-07
1.57372e-07
1.41363e-07
1.26085e-07
1.11478e-07
9.73992e-08
8.36741e-08
7.01392e-08
5.66685e-08
4.31573e-08
2.94612e-08
1.52834e-08
0
0
0
0
0
0
0
0
0
0
0
0
0
0
2.06965e-07
1.71915e-07
1.36491e-07
1.01458e-07
6.76926e-08
3.61376e-08
7.73612e-09
1.66532e-08
3.63493e-08
5.09351e-08
6.03182e-08
6.47449e-08
6.47597e-08
6.11123e-08
5.46312e-08
4.60956e-08
3.61281e-08
2.51198e-08
1.31694e-08
0
0
0
0
0
0
0
0
0
0
0
0
0
0
2.96261e-07
2.71044e-07
2.4528e-07
2.19424e-07
1.94e-07
1.69565e-07
1.46667e-07
1.2579e-07
1.07289e-07
9.13405e-08
7.79024e-08
6.67113e-08
5.73187e-08
4.91636e-08
4.16666e-08
3.43175e-08
2.67283e-08
1.86315e-08
9.8147e-09
0
0
0
0
0
0
0
0
0
0
0
0
0
0
7.65476e-08
6.59745e-08
5.51171e-08
4.4167e-08
3.33527e-08
2.29313e-08
1.31749e-08
4.35195e-09
3.29487e-09
9.57155e-09
1.43518e-08
1.7588e-08
1.93112e-08
1.96194e-08
1.86567e-08
1.65894e-08
1.35805e-08
9.76826e-09
5.23949e-09
0
0
0
0
0
0
0
0
0
0
0
0
0
0
0
0
0
0
0
0
0
0
0
0
0
0
0
0
0
0
0
0
0
0
0
0
0
0
0
0
0
0
0
0
0
0
0
