8.84695e-10
0
0
0
0
0
0
0
0
0
0
0
0
0
0
0
0
0
0
0
0
0
0
0
0
0
0
0
0
0
0
0
0
0
0
0
0
0
0
0
0
0
0
0
0
0
0
0
0
0
0
0
0
0
0
0
0
0
0
0
0
0
0
0
0
1.16345e+143
1.10903e+143
1.05713e+143
1.00763e+143
9.6043e+142
9.15407e+142
8.72458e+142
8.31481e+142
7.92378e+142
7.55054e+142
7.19419e+142
6.85384e+142
6.52864e+142
6.21775e+142
5.92036e+142
5.63567e+142
5.36288e+142
5.10122e+142
4.84991e+142
4.60815e+142
4.37515e+142
4.15012e+142
3.93221e+142
3.72057e+142
3.51432e+142
3.31253e+142
3.11421e+142
2.91833e+142
2.72379e+142
2.52942e+142
2.334e+142
2.13624e+142
1.93484e+142
1.72855e+142
1.51636e+142
1.29779e+142
1.07356e+142
8.46623e+141
6.23904e+141
4.18107e+141
2.47155e+141
1.26178e+141
5.5205e+140
2.06998e+140
6.65806e+139
1.83345e+139
4.29793e+138
8.50388e+137
1.40597e+137
1.92226e+136
2.15166e+135
1.95384e+134
1.42775e+133
8.33772e+131
3.86843e+130
1.41908e+129
4.09963e+127
9.29722e+125
1.65087e+124
2.29054e+122
2.47924e+120
2.09076e+118
1.37232e+116
7.00521e+113
0
2.49495e+143
2.37823e+143
2.26694e+143
2.1608e+143
2.05958e+143
1.96303e+143
1.87093e+143
1.78305e+143
1.6992e+143
1.61916e+143
1.54275e+143
1.46976e+143
1.40002e+143
1.33336e+143
1.26958e+143
1.20853e+143
1.15003e+143
1.09392e+143
1.04003e+143
9.88186e+142
9.38222e+142
8.89965e+142
8.43236e+142
7.97852e+142
7.53624e+142
7.1035e+142
6.67821e+142
6.25816e+142
5.84098e+142
5.42418e+142
5.00512e+142
4.58103e+142
4.14914e+142
3.70676e+142
3.25173e+142
2.78303e+142
2.30217e+142
1.81552e+142
1.33791e+142
8.96591e+141
5.29997e+141
2.70572e+141
1.18379e+141
4.43873e+140
1.42771e+140
3.93151e+139
9.21617e+138
1.82351e+138
3.01486e+137
4.12195e+136
4.61386e+135
4.18967e+134
3.06156e+133
1.78788e+132
8.29517e+130
3.04298e+129
8.79095e+127
1.99363e+126
3.54001e+124
4.91166e+122
5.3163e+120
4.48326e+118
2.94269e+116
1.50214e+114
0
4.02913e+143
3.84065e+143
3.66092e+143
3.48952e+143
3.32605e+143
3.17013e+143
3.02139e+143
2.87949e+143
2.74407e+143
2.61482e+143
2.49141e+143
2.37354e+143
2.26092e+143
2.15326e+143
2.05027e+143
1.95168e+143
1.85721e+143
1.7666e+143
1.67956e+143
1.59584e+143
1.51515e+143
1.43722e+143
1.36176e+143
1.28847e+143
1.21704e+143
1.14716e+143
1.07848e+143
1.01064e+143
9.43271e+142
8.75961e+142
8.08286e+142
7.398e+142
6.70052e+142
5.98612e+142
5.25127e+142
4.49435e+142
3.71781e+142
2.93189e+142
2.16059e+142
1.44788e+142
8.55864e+141
4.36925e+141
1.91157e+141
7.16754e+140
2.30541e+140
6.34843e+139
1.48818e+139
2.94452e+138
4.86826e+137
6.65592e+136
7.45024e+135
6.76528e+134
4.94366e+133
2.88698e+132
1.33946e+131
4.91365e+129
1.41952e+128
3.21921e+126
5.71623e+124
7.9311e+122
8.58451e+120
7.23935e+118
4.75172e+116
2.42559e+114
0
5.80717e+143
5.5355e+143
5.27646e+143
5.02942e+143
4.79381e+143
4.56909e+143
4.35472e+143
4.15019e+143
3.95501e+143
3.76872e+143
3.59085e+143
3.42097e+143
3.25865e+143
3.10348e+143
2.95504e+143
2.81294e+143
2.67679e+143
2.54618e+143
2.42074e+143
2.30008e+143
2.18378e+143
2.07146e+143
1.96269e+143
1.85706e+143
1.75411e+143
1.65339e+143
1.5544e+143
1.45663e+143
1.35953e+143
1.26252e+143
1.16498e+143
1.06627e+143
9.65742e+142
8.62775e+142
7.56861e+142
6.47767e+142
5.35842e+142
4.22567e+142
3.11397e+142
2.08673e+142
1.23346e+142
6.29669e+141
2.75476e+141
1.03289e+141
3.32223e+140
9.1484e+139
2.14454e+139
4.24317e+138
7.01537e+137
9.59146e+136
1.07361e+136
9.74905e+134
7.12402e+133
4.16026e+132
1.93022e+131
7.08078e+129
2.04559e+128
4.63902e+126
8.23733e+124
1.14291e+123
1.23706e+121
1.04322e+119
6.84742e+116
3.49538e+114
0
7.87794e+143
7.50941e+143
7.15799e+143
6.82286e+143
6.50324e+143
6.19838e+143
5.90756e+143
5.6301e+143
5.36533e+143
5.1126e+143
4.87131e+143
4.64086e+143
4.42066e+143
4.21015e+143
4.00878e+143
3.81601e+143
3.6313e+143
3.45413e+143
3.28396e+143
3.12026e+143
2.9625e+143
2.81012e+143
2.66257e+143
2.51927e+143
2.37962e+143
2.24298e+143
2.10869e+143
1.97606e+143
1.84433e+143
1.71272e+143
1.5804e+143
1.44649e+143
1.31012e+143
1.17043e+143
1.02675e+143
8.78749e+142
7.2691e+142
5.73238e+142
4.22421e+142
2.83064e+142
1.6731e+142
8.54059e+141
3.7363e+141
1.40088e+141
4.50574e+140
1.24073e+140
2.90847e+139
5.75468e+138
9.51438e+137
1.30081e+137
1.45605e+136
1.32218e+135
9.66173e+133
5.64222e+132
2.61781e+131
9.60308e+129
2.77427e+128
6.29152e+126
1.11716e+125
1.55003e+123
1.67773e+121
1.41484e+119
9.2866e+116
4.7405e+114
0
1.02996e+144
9.81777e+143
9.35832e+143
8.92018e+143
8.50231e+143
8.10374e+143
7.72353e+143
7.36077e+143
7.01461e+143
6.6842e+143
6.36874e+143
6.06744e+143
5.77955e+143
5.50434e+143
5.24107e+143
4.98904e+143
4.74755e+143
4.51592e+143
4.29344e+143
4.07942e+143
3.87316e+143
3.67394e+143
3.48104e+143
3.29369e+143
3.1111e+143
2.93246e+143
2.7569e+143
2.58349e+143
2.41127e+143
2.23921e+143
2.06621e+143
1.89114e+143
1.71284e+143
1.53022e+143
1.34236e+143
1.14886e+143
9.50344e+142
7.49426e+142
5.5224e+142
3.70038e+142
2.18703e+142
1.11632e+142
4.88329e+141
1.83085e+141
5.88854e+140
1.62149e+140
3.801e+139
7.52061e+138
1.2434e+138
1.69999e+137
1.90286e+136
1.72792e+135
1.26266e+134
7.37363e+132
3.42112e+131
1.25499e+130
3.62559e+128
8.22218e+126
1.45998e+125
2.02568e+123
2.19257e+121
1.849e+119
1.21363e+117
6.19519e+114
0
1.31412e+144
1.25265e+144
1.19403e+144
1.13812e+144
1.08481e+144
1.03395e+144
9.85444e+143
9.3916e+143
8.94993e+143
8.52836e+143
8.12586e+143
7.74144e+143
7.37412e+143
7.02297e+143
6.68707e+143
6.36551e+143
6.0574e+143
5.76185e+143
5.47799e+143
5.20493e+143
4.94176e+143
4.68758e+143
4.44146e+143
4.20242e+143
3.96946e+143
3.74153e+143
3.51753e+143
3.29628e+143
3.07655e+143
2.85701e+143
2.63628e+143
2.41291e+143
2.18541e+143
1.9524e+143
1.71271e+143
1.46582e+143
1.21251e+143
9.56148e+142
7.04543e+142
4.72059e+142
2.78973e+142
1.42379e+142
6.22779e+141
2.33479e+141
7.50907e+140
2.06768e+140
4.8469e+139
9.58998e+138
1.58553e+138
2.16775e+137
2.42645e+136
2.20337e+135
1.61009e+134
9.40254e+132
4.36247e+131
1.60031e+130
4.6232e+128
1.04846e+127
1.86171e+125
2.58306e+123
2.79587e+121
2.35777e+119
1.54757e+117
7.89985e+114
0
1.64851e+144
1.57139e+144
1.49785e+144
1.42772e+144
1.36084e+144
1.29705e+144
1.23619e+144
1.17813e+144
1.12273e+144
1.06984e+144
1.01935e+144
9.71128e+143
9.2505e+143
8.81e+143
8.38863e+143
7.98524e+143
7.59873e+143
7.22799e+143
6.8719e+143
6.52935e+143
6.19922e+143
5.88036e+143
5.57161e+143
5.27175e+143
4.97951e+143
4.69359e+143
4.41259e+143
4.13504e+143
3.8594e+143
3.584e+143
3.3071e+143
3.02688e+143
2.7415e+143
2.44918e+143
2.1485e+143
1.83877e+143
1.52099e+143
1.19937e+143
8.83712e+142
5.92051e+142
3.49835e+142
1.78519e+142
7.80757e+141
2.92679e+141
9.41258e+140
2.59176e+140
6.07533e+139
1.20205e+139
1.98737e+138
2.71714e+137
3.0414e+136
2.76178e+135
2.01814e+134
1.17855e+133
5.46807e+131
2.00589e+130
5.79488e+128
1.31417e+127
2.33353e+125
3.2377e+123
3.50444e+121
2.95531e+119
1.93978e+117
9.90194e+114
0
2.04289e+144
1.94732e+144
1.85619e+144
1.76929e+144
1.68641e+144
1.60735e+144
1.53194e+144
1.45999e+144
1.39133e+144
1.32579e+144
1.26322e+144
1.20346e+144
1.14636e+144
1.09177e+144
1.03955e+144
9.89561e+143
9.41663e+143
8.95719e+143
8.51591e+143
8.09141e+143
7.68231e+143
7.28717e+143
6.90455e+143
6.53295e+143
6.1708e+143
5.81648e+143
5.46825e+143
5.12431e+143
4.78272e+143
4.44143e+143
4.09829e+143
3.75103e+143
3.39736e+143
3.0351e+143
2.66246e+143
2.27861e+143
1.88478e+143
1.48617e+143
1.09495e+143
7.33477e+142
4.33319e+142
2.21074e+142
9.66708e+141
3.62342e+141
1.16521e+141
3.20831e+140
7.52045e+139
1.48796e+139
2.46007e+138
3.36342e+137
3.7648e+136
3.41867e+135
2.49816e+134
1.45887e+133
6.76866e+131
2.483e+130
7.1732e+128
1.62675e+127
2.88856e+125
4.00779e+123
4.33797e+121
3.65823e+119
2.40116e+117
1.22571e+115
0
2.50891e+144
2.39154e+144
2.27962e+144
2.17289e+144
2.0711e+144
1.97401e+144
1.8814e+144
1.79303e+144
1.70871e+144
1.62822e+144
1.55138e+144
1.47799e+144
1.40786e+144
1.34082e+144
1.27669e+144
1.2153e+144
1.15647e+144
1.10005e+144
1.04585e+144
9.9372e+143
9.43477e+143
8.9495e+143
8.47961e+143
8.02324e+143
7.57848e+143
7.14333e+143
6.71567e+143
6.29326e+143
5.87375e+143
5.45461e+143
5.03318e+143
4.60669e+143
4.17234e+143
3.72742e+143
3.26975e+143
2.7983e+143
2.31457e+143
1.82496e+143
1.34442e+143
9.00435e+142
5.31817e+142
2.7125e+142
1.18584e+142
4.44405e+141
1.42898e+141
3.93436e+140
9.22214e+139
1.82463e+139
3.01668e+138
4.12441e+137
4.6166e+136
4.19216e+135
3.06338e+134
1.78894e+133
8.3001e+131
3.04478e+130
8.79617e+128
1.99481e+127
3.54211e+125
4.91457e+123
5.31946e+121
4.48592e+119
2.94444e+117
1.50304e+115
0
3.06039e+144
2.91723e+144
2.78071e+144
2.65052e+144
2.52635e+144
2.40792e+144
2.29495e+144
2.18716e+144
2.0843e+144
1.98613e+144
1.89239e+144
1.80286e+144
1.71732e+144
1.63555e+144
1.55732e+144
1.48243e+144
1.41068e+144
1.34185e+144
1.27575e+144
1.21215e+144
1.15087e+144
1.09167e+144
1.03435e+144
9.78687e+143
9.24435e+143
8.71354e+143
8.19188e+143
7.67662e+143
7.16489e+143
6.65361e+143
6.13954e+143
5.6193e+143
5.08944e+143
4.5467e+143
3.98837e+143
3.41323e+143
2.82309e+143
2.22574e+143
1.63945e+143
1.09777e+143
6.48143e+142
3.30458e+142
1.44422e+142
5.4112e+141
1.73974e+141
4.78966e+140
1.12266e+140
2.22119e+139
3.6723e+138
5.02077e+137
5.61993e+136
5.10324e+135
3.72914e+134
2.17773e+133
1.01039e+132
3.7065e+130
1.07078e+129
2.42834e+127
4.31191e+125
5.98265e+123
6.47553e+121
5.46084e+119
3.58435e+117
1.82969e+115
0
3.71381e+144
3.54008e+144
3.37441e+144
3.21643e+144
3.06575e+144
2.92203e+144
2.78494e+144
2.65414e+144
2.52932e+144
2.41018e+144
2.29643e+144
2.18779e+144
2.08399e+144
1.98475e+144
1.88982e+144
1.79895e+144
1.71187e+144
1.62835e+144
1.54813e+144
1.47096e+144
1.39659e+144
1.32476e+144
1.2552e+144
1.18765e+144
1.12181e+144
1.0574e+144
9.94095e+143
9.31569e+143
8.69469e+143
8.07424e+143
7.45039e+143
6.81905e+143
6.17603e+143
5.51736e+143
4.83975e+143
4.14171e+143
3.42542e+143
2.70036e+143
1.98869e+143
1.3312e+143
7.85599e+142
4.00339e+142
1.74889e+142
6.55087e+141
2.10579e+141
5.79694e+140
1.3587e+140
2.68816e+139
4.4443e+138
6.07623e+137
6.80134e+136
6.17603e+135
4.51307e+134
2.63553e+133
1.2228e+132
4.48567e+130
1.29588e+129
2.93882e+127
5.21835e+125
7.24031e+123
7.8368e+121
6.60881e+119
4.33784e+117
2.21432e+115
0
4.48874e+144
4.27876e+144
4.07852e+144
3.88757e+144
3.70546e+144
3.53175e+144
3.36605e+144
3.20796e+144
3.05709e+144
2.91309e+144
2.77561e+144
2.6443e+144
2.51884e+144
2.39889e+144
2.28416e+144
2.17432e+144
2.06908e+144
1.96813e+144
1.87117e+144
1.7779e+144
1.68801e+144
1.60119e+144
1.51712e+144
1.43547e+144
1.3559e+144
1.27805e+144
1.20153e+144
1.12596e+144
1.0509e+144
9.75906e+143
9.00502e+143
8.2419e+143
7.46465e+143
6.66845e+143
5.84934e+143
5.00548e+143
4.13951e+143
3.26286e+143
2.40236e+143
1.60744e+143
9.48038e+142
4.82795e+142
2.10794e+142
7.89275e+141
2.53658e+141
6.98202e+140
1.63638e+140
3.23746e+139
5.3524e+138
7.31774e+137
8.191e+136
7.43792e+135
5.43519e+134
3.17402e+133
1.47264e+132
5.40219e+130
1.56066e+129
3.53928e+127
6.28457e+125
8.71965e+123
9.43802e+121
7.95913e+119
5.22415e+117
2.66675e+115
0
5.40846e+144
5.15545e+144
4.91419e+144
4.68411e+144
4.46468e+144
4.25539e+144
4.05574e+144
3.86525e+144
3.68347e+144
3.50997e+144
3.34432e+144
3.18611e+144
3.03493e+144
2.89042e+144
2.75217e+144
2.61983e+144
2.49303e+144
2.37139e+144
2.25457e+144
2.14219e+144
2.03388e+144
1.92927e+144
1.82798e+144
1.7296e+144
1.63372e+144
1.53992e+144
1.44773e+144
1.35667e+144
1.26623e+144
1.17587e+144
1.08501e+144
9.93056e+143
8.99397e+143
8.03451e+143
7.04739e+143
6.03036e+143
4.9866e+143
3.92988e+143
2.89255e+143
1.93437e+143
1.13993e+143
5.80006e+142
2.53052e+142
9.47029e+141
3.04268e+141
8.3738e+140
1.96243e+140
3.88241e+139
6.4186e+138
8.77541e+137
9.82259e+136
8.9195e+135
6.51784e+134
3.80626e+133
1.76598e+132
6.47827e+130
1.87153e+129
4.24428e+127
7.53641e+125
1.04565e+124
1.1318e+122
9.54452e+119
6.26477e+117
3.19795e+115
0
6.50064e+144
6.19654e+144
5.90655e+144
5.63002e+144
5.36628e+144
5.11472e+144
4.87475e+144
4.64579e+144
4.42731e+144
4.21877e+144
4.01967e+144
3.82951e+144
3.64781e+144
3.47411e+144
3.30795e+144
3.14888e+144
2.99647e+144
2.85028e+144
2.70986e+144
2.57479e+144
2.44461e+144
2.31888e+144
2.19713e+144
2.07889e+144
1.96365e+144
1.8509e+144
1.74009e+144
1.63065e+144
1.52194e+144
1.41333e+144
1.30412e+144
1.19358e+144
1.081e+144
9.65655e+143
8.4698e+143
7.24698e+143
5.99189e+143
4.72105e+143
3.47344e+143
2.32115e+143
1.36639e+143
6.94432e+142
3.02685e+142
1.13204e+142
3.63569e+141
1.00038e+141
2.34422e+140
4.63754e+139
7.6669e+138
1.0482e+138
1.17328e+137
1.06541e+136
7.78536e+134
4.54646e+133
2.10941e+132
7.7381e+130
2.23548e+129
5.06966e+127
9.00202e+125
1.249e+124
1.3519e+122
1.14006e+120
7.48308e+117
3.81986e+115
0
7.79815e+144
7.43335e+144
7.08548e+144
6.75375e+144
6.43737e+144
6.1356e+144
5.84773e+144
5.57308e+144
5.31099e+144
5.06083e+144
4.82198e+144
4.59387e+144
4.3759e+144
4.16753e+144
3.96821e+144
3.77739e+144
3.59456e+144
3.41919e+144
3.25075e+144
3.08872e+144
2.93256e+144
2.78173e+144
2.63569e+144
2.49385e+144
2.35561e+144
2.22036e+144
2.08743e+144
1.95613e+144
1.82573e+144
1.69543e+144
1.56441e+144
1.4318e+144
1.29672e+144
1.15833e+144
1.01592e+144
8.69166e+143
7.18518e+143
5.65955e+143
4.16165e+143
2.7784e+143
1.63326e+143
8.28805e+142
3.60801e+142
1.34824e+142
4.32789e+141
1.19054e+141
2.78947e+140
5.51809e+139
9.12247e+138
1.24719e+138
1.39601e+137
1.26766e+136
9.26331e+134
5.40955e+133
2.50985e+132
9.20707e+130
2.65986e+129
6.03207e+127
1.07109e+126
1.48611e+124
1.60854e+122
1.35649e+120
8.90364e+117
4.54501e+115
0
9.34e+144
8.90307e+144
8.48643e+144
8.0891e+144
7.71017e+144
7.34873e+144
7.00395e+144
6.67499e+144
6.36108e+144
6.06146e+144
5.77539e+144
5.50217e+144
5.24112e+144
4.99155e+144
4.75281e+144
4.52428e+144
4.3053e+144
4.09525e+144
3.89351e+144
3.69944e+144
3.51241e+144
3.33177e+144
3.15685e+144
2.98696e+144
2.82139e+144
2.6594e+144
2.50019e+144
2.34293e+144
2.18674e+144
2.03067e+144
1.87372e+144
1.71487e+144
1.55305e+144
1.38724e+144
1.2166e+144
1.04074e+144
8.60165e+143
6.7726e+143
4.97654e+143
3.31827e+143
1.94702e+143
9.86062e+142
4.28556e+142
1.59964e+142
5.13158e+141
1.41115e+141
3.30586e+140
6.53915e+139
1.08102e+139
1.47792e+138
1.65426e+137
1.50217e+136
1.09769e+135
6.41025e+133
2.97415e+132
1.09103e+131
3.1519e+129
7.14793e+127
1.26923e+126
1.76102e+124
1.9061e+122
1.60743e+120
1.05507e+118
5.38578e+115
0
1.11725e+145
1.06498e+145
1.01514e+145
9.67617e+144
9.22288e+144
8.79054e+144
8.37811e+144
7.98461e+144
7.60912e+144
7.25071e+144
6.90852e+144
6.5817e+144
6.26942e+144
5.97089e+144
5.68532e+144
5.41195e+144
5.15001e+144
4.89876e+144
4.65744e+144
4.4253e+144
4.20157e+144
3.98549e+144
3.77626e+144
3.57304e+144
3.37499e+144
3.18122e+144
2.99077e+144
2.80265e+144
2.6158e+144
2.42909e+144
2.24134e+144
2.05128e+144
1.85766e+144
1.65924e+144
1.45501e+144
1.24449e+144
1.02827e+144
8.09207e+143
5.9405e+143
3.95451e+143
2.3147e+143
1.16922e+143
5.07076e+142
1.89e+142
6.05793e+141
1.66517e+141
3.90015e+140
7.71403e+139
1.2752e+139
1.74337e+138
1.95138e+137
1.77196e+136
1.29484e+135
7.56156e+133
3.50831e+132
1.28698e+131
3.718e+129
8.43173e+127
1.49719e+126
2.07731e+124
2.24845e+122
1.89612e+120
1.24456e+118
6.35308e+115
0
1.33504e+145
1.27259e+145
1.21304e+145
1.15624e+145
1.10208e+145
1.05042e+145
1.00113e+145
9.54113e+144
9.09244e+144
8.66417e+144
8.25527e+144
7.86474e+144
7.49159e+144
7.13487e+144
6.79364e+144
6.46698e+144
6.15398e+144
5.85375e+144
5.5654e+144
5.28801e+144
5.02068e+144
4.76248e+144
4.51246e+144
4.26964e+144
4.03298e+144
3.80143e+144
3.57386e+144
3.34906e+144
3.12577e+144
2.90264e+144
2.67825e+144
2.45108e+144
2.21963e+144
1.98242e+144
1.73821e+144
1.4864e+144
1.22771e+144
9.65506e+143
7.07918e+143
4.70231e+143
2.74359e+143
1.38115e+143
5.97322e+142
2.2222e+142
7.11501e+141
1.95464e+141
4.57697e+140
9.05169e+139
1.49626e+139
2.04555e+138
2.28961e+137
2.07909e+136
1.51927e+135
8.87215e+133
4.11638e+132
1.51004e+131
4.36241e+129
9.89314e+127
1.75669e+126
2.43735e+124
2.63815e+122
2.22477e+120
1.46028e+118
7.45422e+115
0
1.59387e+145
1.51931e+145
1.44821e+145
1.38041e+145
1.31574e+145
1.25406e+145
1.19523e+145
1.13909e+145
1.08552e+145
1.03439e+145
9.85576e+144
9.38952e+144
8.94403e+144
8.51816e+144
8.11077e+144
7.72079e+144
7.34712e+144
6.9887e+144
6.64444e+144
6.31329e+144
5.99414e+144
5.68589e+144
5.3874e+144
5.09751e+144
4.81498e+144
4.53854e+144
4.26684e+144
3.99844e+144
3.73184e+144
3.46542e+144
3.19746e+144
2.92617e+144
2.64972e+144
2.36633e+144
2.07452e+144
1.77352e+144
1.46416e+144
1.15045e+144
8.42152e+143
5.57795e+143
3.2407e+143
1.62412e+143
6.9986e+142
2.59738e+142
8.30465e+141
2.27983e+141
5.33666e+140
1.05526e+140
1.74426e+139
2.38455e+138
2.66903e+137
2.42362e+136
1.77103e+135
1.03424e+134
4.79851e+132
1.76027e+131
5.08531e+129
1.15325e+128
2.04779e+126
2.84125e+124
3.07532e+122
2.59343e+120
1.70226e+118
8.68946e+115
0
1.90139e+145
1.81244e+145
1.72763e+145
1.64674e+145
1.5696e+145
1.49602e+145
1.42583e+145
1.35887e+145
1.29496e+145
1.23397e+145
1.17573e+145
1.12012e+145
1.06697e+145
1.01617e+145
9.67571e+144
9.21049e+144
8.76474e+144
8.33718e+144
7.92652e+144
7.53148e+144
7.15077e+144
6.78306e+144
6.427e+144
6.08118e+144
5.74414e+144
5.41437e+144
5.09023e+144
4.77004e+144
4.45197e+144
4.13408e+144
3.81433e+144
3.49057e+144
3.16058e+144
2.82223e+144
2.47371e+144
2.11406e+144
1.74422e+144
1.36893e+144
9.99951e+143
6.59799e+143
3.81176e+143
1.89909e+143
8.14499e+142
3.01342e+142
9.61764e+141
2.63788e+141
6.17217e+140
1.22025e+140
2.01684e+139
2.75711e+138
3.086e+137
2.80224e+136
2.0477e+135
1.19581e+134
5.54814e+132
2.03526e+131
5.87974e+129
1.33342e+128
2.3677e+126
3.28511e+124
3.55575e+122
2.99858e+120
1.96819e+118
1.00469e+116
0
2.26662e+145
2.16059e+145
2.05948e+145
1.96306e+145
1.8711e+145
1.78339e+145
1.69971e+145
1.61989e+145
1.54371e+145
1.471e+145
1.40158e+145
1.33528e+145
1.27193e+145
1.21137e+145
1.15344e+145
1.09798e+145
1.04484e+145
9.93876e+144
9.44924e+144
8.97834e+144
8.52452e+144
8.0862e+144
7.66176e+144
7.24953e+144
6.84777e+144
6.45465e+144
6.06824e+144
5.68651e+144
5.30729e+144
4.92825e+144
4.54695e+144
4.16079e+144
3.76712e+144
3.36334e+144
2.94725e+144
2.51763e+144
2.0755e+144
1.62649e+144
1.18474e+144
7.77769e+143
4.45945e+143
2.20455e+143
9.39719e+142
3.46275e+142
1.10266e+142
3.02082e+141
7.06442e+140
1.39634e+140
2.30766e+139
3.15457e+138
3.53084e+137
3.20616e+136
2.34285e+135
1.36817e+134
6.34784e+132
2.32862e+131
6.72723e+129
1.52561e+128
2.70897e+126
3.75862e+124
4.06827e+122
3.43079e+120
2.25188e+118
1.14951e+116
0
2.70015e+145
2.57383e+145
2.45338e+145
2.33852e+145
2.22897e+145
2.12449e+145
2.02481e+145
1.92972e+145
1.83897e+145
1.75236e+145
1.66966e+145
1.59068e+145
1.51521e+145
1.44307e+145
1.37406e+145
1.308e+145
1.2447e+145
1.18399e+145
1.12568e+145
1.06959e+145
1.01553e+145
9.63314e+144
9.12754e+144
8.63649e+144
8.1579e+144
7.68959e+144
7.22926e+144
6.77448e+144
6.32264e+144
5.87097e+144
5.41653e+144
4.9562e+144
4.48678e+144
4.00511e+144
3.50848e+144
2.99532e+144
2.4667e+144
1.92924e+144
1.4e+144
9.12807e+143
5.18043e+143
2.53462e+143
1.0718e+143
3.92915e+142
1.24756e+142
3.41282e+141
7.97584e+140
1.57604e+140
2.60436e+139
3.56e+138
3.98456e+137
3.61814e+136
2.6439e+135
1.54397e+134
7.16351e+132
2.62784e+131
7.59165e+129
1.72165e+128
3.05707e+126
4.24159e+124
4.59103e+122
3.87163e+120
2.54124e+118
1.29721e+116
0
3.21434e+145
3.06398e+145
2.92059e+145
2.78385e+145
2.65344e+145
2.52906e+145
2.41041e+145
2.2972e+145
2.18918e+145
2.08607e+145
1.98763e+145
1.89361e+145
1.80377e+145
1.7179e+145
1.63575e+145
1.55711e+145
1.48176e+145
1.40949e+145
1.34008e+145
1.27331e+145
1.20896e+145
1.14681e+145
1.08663e+145
1.02817e+145
9.71203e+144
9.15454e+144
8.60652e+144
8.06507e+144
7.52706e+144
6.98919e+144
6.44789e+144
5.89943e+144
5.33992e+144
4.76551e+144
4.17284e+144
3.55985e+144
2.92759e+144
2.28375e+144
1.64893e+144
1.06509e+144
5.96029e+143
2.87606e+143
1.20355e+143
4.38315e+142
1.38665e+142
3.78647e+141
8.84178e+140
1.74654e+140
2.88571e+139
3.94439e+138
4.41471e+137
4.00871e+136
2.92929e+135
1.71063e+134
7.93676e+132
2.9115e+131
8.41112e+129
1.90749e+128
3.38705e+126
4.69943e+124
5.0866e+122
4.28955e+120
2.81554e+118
1.43724e+116
0
3.8236e+145
3.64473e+145
3.47417e+145
3.31151e+145
3.15639e+145
3.00843e+145
2.86729e+145
2.73263e+145
2.60413e+145
2.48148e+145
2.36438e+145
2.25254e+145
2.14569e+145
2.04354e+145
1.94582e+145
1.85229e+145
1.76266e+145
1.6767e+145
1.59414e+145
1.51472e+145
1.43818e+145
1.36426e+145
1.29267e+145
1.22314e+145
1.15538e+145
1.08906e+145
1.02387e+145
9.59454e+144
8.95437e+144
8.31424e+144
7.66988e+144
7.01675e+144
6.35014e+144
5.66534e+144
4.9581e+144
4.22568e+144
3.46894e+144
2.69672e+144
1.93386e+144
1.23294e+144
6.76492e+143
3.20373e+143
1.3225e+143
4.77621e+142
1.50417e+142
4.09825e+141
9.56021e+140
1.88766e+140
3.11835e+139
4.26211e+138
4.77021e+137
4.33148e+136
3.16515e+135
1.84836e+134
8.57578e+132
3.14591e+131
9.08833e+129
2.06107e+128
3.65976e+126
5.0778e+124
5.49614e+122
4.63492e+120
3.04223e+118
1.55296e+116
0
4.54453e+145
4.33194e+145
4.12921e+145
3.93589e+145
3.75152e+145
3.57567e+145
3.40791e+145
3.24787e+145
3.09514e+145
2.94937e+145
2.8102e+145
2.67728e+145
2.55028e+145
2.42888e+145
2.31275e+145
2.20158e+145
2.09507e+145
1.99291e+145
1.89479e+145
1.80041e+145
1.70945e+145
1.6216e+145
1.53653e+145
1.4539e+145
1.37336e+145
1.29455e+145
1.21706e+145
1.14048e+145
1.06437e+145
9.8824e+144
9.11584e+144
8.33851e+144
7.54465e+144
6.72842e+144
5.88445e+144
5.00899e+144
4.10239e+144
3.17451e+144
2.25522e+144
1.41129e+144
7.52592e+143
3.47365e+143
1.40857e+143
5.03374e+142
1.5765e+142
4.28384e+141
9.98125e+140
1.96981e+140
3.25342e+139
4.4464e+138
4.97635e+137
4.51862e+136
3.30188e+135
1.92821e+134
8.94625e+132
3.28181e+131
9.48093e+129
2.1501e+128
3.81785e+126
5.29716e+124
5.73356e+122
4.83514e+120
3.17365e+118
1.62004e+116
0
5.39615e+145
5.14372e+145
4.90301e+145
4.67346e+145
4.45454e+145
4.24574e+145
4.04655e+145
3.85652e+145
3.67518e+145
3.5021e+145
3.33685e+145
3.17903e+145
3.02824e+145
2.8841e+145
2.74622e+145
2.61423e+145
2.48778e+145
2.36649e+145
2.25e+145
2.13794e+145
2.02995e+145
1.92566e+145
1.82466e+145
1.72656e+145
1.63094e+145
1.53735e+145
1.44534e+145
1.35439e+145
1.26398e+145
1.17352e+145
1.0824e+145
9.89945e+144
8.95451e+144
7.98189e+144
6.9747e+144
5.92764e+144
4.84003e+144
3.72225e+144
2.60983e+144
1.5887e+144
8.11495e+143
3.61323e+143
1.43144e+143
5.04908e+142
1.57084e+142
4.25519e+141
9.9009e+140
1.95285e+140
3.22469e+139
4.40676e+138
4.93183e+137
4.47815e+136
3.2723e+135
1.91093e+134
8.86609e+132
3.25241e+131
9.39598e+129
2.13084e+128
3.78365e+126
5.24969e+124
5.68219e+122
4.79181e+120
3.14522e+118
1.60553e+116
0
6.40001e+145
6.10061e+145
5.81512e+145
5.54288e+145
5.28323e+145
5.03559e+145
4.79935e+145
4.57397e+145
4.3589e+145
4.15363e+145
3.95766e+145
3.77049e+145
3.59166e+145
3.42072e+145
3.25721e+145
3.10069e+145
2.95073e+145
2.80689e+145
2.66876e+145
2.53588e+145
2.40783e+145
2.28415e+145
2.16439e+145
2.04806e+145
1.93467e+145
1.82368e+145
1.71454e+145
1.60665e+145
1.49937e+145
1.39199e+145
1.28378e+145
1.1739e+145
1.06149e+145
9.45631e+144
8.25423e+144
7.00107e+144
5.69398e+144
4.34266e+144
2.98802e+144
1.742e+144
8.29789e+143
3.50879e+143
1.34867e+143
4.68281e+142
1.44585e+142
3.90305e+141
9.06797e+140
1.78746e+140
2.95089e+139
4.03224e+138
4.51254e+137
4.09739e+136
2.99406e+135
1.74845e+134
8.11219e+132
2.97585e+131
8.59703e+129
1.94965e+128
3.46192e+126
4.8033e+124
5.19902e+122
4.38436e+120
2.87777e+118
1.46901e+116
0
7.58013e+145
7.22553e+145
6.8874e+145
6.56495e+145
6.25744e+145
5.96413e+145
5.68434e+145
5.41741e+145
5.1627e+145
4.91959e+145
4.6875e+145
4.46583e+145
4.25405e+145
4.05161e+145
3.85797e+145
3.67262e+145
3.49504e+145
3.32471e+145
3.16114e+145
3.00381e+145
2.85218e+145
2.70574e+145
2.56393e+145
2.42619e+145
2.29191e+145
2.16047e+145
2.03121e+145
1.90339e+145
1.77626e+145
1.64896e+145
1.52058e+145
1.39013e+145
1.25652e+145
1.11858e+145
9.75121e+144
8.25027e+144
6.67608e+144
5.03472e+144
3.36939e+144
1.82527e+144
7.64905e+143
2.99508e+143
1.10776e+143
3.77793e+142
1.15707e+142
3.11248e+141
7.22047e+140
1.42243e+140
2.34771e+139
3.20774e+138
3.58973e+137
3.25944e+136
2.38174e+135
1.39087e+134
6.45315e+132
2.36725e+131
6.83883e+129
1.55092e+128
2.75391e+126
3.82097e+124
4.13576e+122
3.4877e+120
2.28923e+118
1.16858e+116
0
8.96289e+145
8.54361e+145
8.1438e+145
7.76254e+145
7.39893e+145
7.05213e+145
6.72132e+145
6.40571e+145
6.10454e+145
5.81711e+145
5.54269e+145
5.28062e+145
5.03024e+145
4.7909e+145
4.56197e+145
4.34285e+145
4.13292e+145
3.93158e+145
3.73822e+145
3.55224e+145
3.37302e+145
3.19992e+145
3.03231e+145
2.86949e+145
2.71076e+145
2.55538e+145
2.40254e+145
2.25138e+145
2.10096e+145
1.95029e+145
1.79823e+145
1.64356e+145
1.48493e+145
1.32084e+145
1.1497e+145
9.69847e+144
7.79868e+144
5.79367e+144
3.71752e+144
1.74558e+144
5.3825e+143
1.86766e+143
6.59776e+142
2.2102e+142
6.72012e+141
1.80224e+141
4.17572e+140
8.22207e+139
1.35679e+139
1.85369e+138
2.07438e+137
1.8835e+136
1.37631e+135
8.03724e+133
3.72901e+132
1.36794e+131
3.95187e+129
8.96212e+127
1.59137e+126
2.20798e+124
2.38988e+122
2.0154e+120
1.32285e+118
6.75271e+115
0
1.05766e+146
1.00819e+146
9.61007e+145
9.16016e+145
8.7311e+145
8.32187e+145
7.93151e+145
7.5591e+145
7.20374e+145
6.86458e+145
6.54079e+145
6.23157e+145
5.93615e+145
5.65376e+145
5.38368e+145
5.12517e+145
4.87751e+145
4.63999e+145
4.4119e+145
4.19252e+145
3.98113e+145
3.77696e+145
3.57926e+145
3.38721e+145
3.19999e+145
3.01668e+145
2.83635e+145
2.65795e+145
2.48037e+145
2.30238e+145
2.12263e+145
1.93959e+145
1.75157e+145
1.55667e+145
1.35274e+145
1.13735e+145
9.07878e+144
6.61738e+144
3.98111e+144
1.30174e+144
0
0
0
0
0
0
0
0
0
0
0
0
0
0
0
0
0
0
0
0
0
0
0
0
0
1.2451e+146
1.18685e+146
1.13131e+146
1.07835e+146
1.02784e+146
9.79669e+145
9.33717e+145
8.89879e+145
8.48049e+145
8.08126e+145
7.70014e+145
7.33618e+145
6.98846e+145
6.65611e+145
6.33824e+145
6.03401e+145
5.74256e+145
5.46307e+145
5.19468e+145
4.93655e+145
4.68783e+145
4.44762e+145
4.21503e+145
3.98909e+145
3.76882e+145
3.55314e+145
3.34092e+145
3.13093e+145
2.92182e+145
2.71211e+145
2.50015e+145
2.28408e+145
2.0618e+145
1.83089e+145
1.58853e+145
1.33132e+145
1.055e+145
7.53431e+144
4.14781e+144
0
0
0
0
0
0
0
0
0
0
0
0
0
0
0
0
0
0
0
0
0
0
0
0
0
0
1.4616e+146
1.39323e+146
1.32803e+146
1.26586e+146
1.20657e+146
1.15003e+146
1.09609e+146
1.04463e+146
9.95532e+145
9.48673e+145
9.0394e+145
8.61223e+145
8.20414e+145
7.8141e+145
7.44107e+145
7.08407e+145
6.74209e+145
6.41415e+145
6.09927e+145
5.79645e+145
5.50468e+145
5.22293e+145
4.95011e+145
4.68512e+145
4.42676e+145
4.17378e+145
3.92482e+145
3.67841e+145
3.43295e+145
3.18666e+145
2.93753e+145
2.68333e+145
2.42146e+145
2.14895e+145
1.86225e+145
1.55705e+145
1.22787e+145
8.67237e+144
4.63833e+144
0
0
0
0
0
0
0
0
0
0
0
0
0
0
0
0
0
0
0
0
0
0
0
0
0
0
1.71014e+146
1.63014e+146
1.55386e+146
1.48112e+146
1.41175e+146
1.34559e+146
1.28248e+146
1.22228e+146
1.16484e+146
1.11002e+146
1.05769e+146
1.00772e+146
9.59986e+145
9.14364e+145
8.70734e+145
8.28981e+145
7.88989e+145
7.50642e+145
7.13824e+145
6.78421e+145
6.44312e+145
6.11378e+145
5.79491e+145
5.48519e+145
5.18324e+145
4.88758e+145
4.59658e+145
4.30853e+145
4.02149e+145
3.73334e+145
3.44169e+145
3.14384e+145
2.83669e+145
2.51663e+145
2.17938e+145
1.8198e+145
1.43151e+145
1.00634e+145
5.33614e+144
0
0
0
0
0
0
0
0
0
0
0
0
0
0
0
0
0
0
0
0
0
0
0
0
0
0
1.99354e+146
1.90028e+146
1.81136e+146
1.72657e+146
1.64571e+146
1.56859e+146
1.49503e+146
1.42486e+146
1.35791e+146
1.29401e+146
1.23302e+146
1.17479e+146
1.11916e+146
1.06599e+146
1.01516e+146
9.66509e+145
9.19917e+145
8.75246e+145
8.32362e+145
7.9113e+145
7.51411e+145
7.13063e+145
6.75939e+145
6.39886e+145
6.04739e+145
5.70323e+145
5.36451e+145
5.02917e+145
4.69493e+145
4.35928e+145
4.01937e+145
3.672e+145
3.31346e+145
2.93947e+145
2.54499e+145
2.124e+145
1.66916e+145
1.17147e+145
6.19686e+144
0
0
0
0
0
0
0
0
0
0
0
0
0
0
0
0
0
0
0
0
0
0
0
0
0
0
2.31446e+146
2.20619e+146
2.10296e+146
2.00452e+146
1.91065e+146
1.82112e+146
1.73573e+146
1.65427e+146
1.57655e+146
1.50239e+146
1.43159e+146
1.364e+146
1.29944e+146
1.23774e+146
1.17874e+146
1.1223e+146
1.06824e+146
1.01642e+146
9.66676e+145
9.18856e+145
8.72798e+145
8.28336e+145
7.85301e+145
7.43511e+145
7.02777e+145
6.62895e+145
6.23642e+145
5.84779e+145
5.46037e+145
5.0712e+145
4.67692e+145
4.27373e+145
3.85728e+145
3.42251e+145
2.96349e+145
2.4732e+145
1.94321e+145
1.36326e+145
7.20726e+144
0
0
0
0
0
0
0
0
0
0
0
0
0
0
0
0
0
0
0
0
0
0
0
0
0
0
2.67553e+146
2.55037e+146
2.43103e+146
2.31724e+146
2.20873e+146
2.10524e+146
2.00653e+146
1.91238e+146
1.82255e+146
1.73683e+146
1.65501e+146
1.5769e+146
1.50229e+146
1.43099e+146
1.36283e+146
1.29762e+146
1.23517e+146
1.17531e+146
1.11787e+146
1.06265e+146
1.00947e+146
9.5815e+145
9.08481e+145
8.60259e+145
8.13262e+145
7.67252e+145
7.21972e+145
6.7714e+145
6.32444e+145
5.87533e+145
5.42017e+145
4.95447e+145
4.4731e+145
3.97014e+145
3.43864e+145
2.8704e+145
2.25565e+145
1.58256e+145
8.36659e+144
0
0
0
0
0
0
0
0
0
0
0
0
0
0
0
0
0
0
0
0
0
0
0
0
0
0
3.07949e+146
2.93544e+146
2.79809e+146
2.66712e+146
2.54223e+146
2.42312e+146
2.30953e+146
2.20117e+146
2.09779e+146
1.99915e+146
1.905e+146
1.81511e+146
1.72926e+146
1.64724e+146
1.56882e+146
1.49381e+146
1.42198e+146
1.35315e+146
1.28709e+146
1.2236e+146
1.16248e+146
1.10349e+146
1.04642e+146
9.91018e+145
9.37032e+145
8.84188e+145
8.32187e+145
7.80701e+145
7.29366e+145
6.77776e+145
6.25471e+145
5.71929e+145
5.16549e+145
4.58636e+145
3.97381e+145
3.31827e+145
2.60839e+145
1.83048e+145
9.67882e+144
0
0
0
0
0
0
0
0
0
0
0
0
0
0
0
0
0
0
0
0
0
0
0
0
0
0
3.52963e+146
3.36452e+146
3.2071e+146
3.05699e+146
2.91385e+146
2.77734e+146
2.64715e+146
2.52296e+146
2.40449e+146
2.29145e+146
2.18356e+146
2.08056e+146
1.9822e+146
1.88822e+146
1.79838e+146
1.71244e+146
1.63017e+146
1.55133e+146
1.47569e+146
1.403e+146
1.33302e+146
1.2655e+146
1.20019e+146
1.1368e+146
1.07503e+146
1.01459e+146
9.5511e+145
8.96224e+145
8.37508e+145
7.7849e+145
7.18637e+145
6.57339e+145
5.939e+145
5.2751e+145
4.57225e+145
3.81937e+145
3.00328e+145
2.10819e+145
1.11494e+145
0
0
0
0
0
0
0
0
0
0
0
0
0
0
0
0
0
0
0
0
0
0
0
0
0
0
4.0299e+146
3.84139e+146
3.66165e+146
3.49027e+146
3.32685e+146
3.171e+146
3.02237e+146
2.88059e+146
2.74534e+146
2.61629e+146
2.49313e+146
2.37556e+146
2.26328e+146
2.15602e+146
2.05349e+146
1.95541e+146
1.86153e+146
1.77158e+146
1.68527e+146
1.60235e+146
1.52253e+146
1.44553e+146
1.37105e+146
1.29878e+146
1.22837e+146
1.15947e+146
1.09168e+146
1.02457e+146
9.57651e+145
8.90377e+145
8.22135e+145
7.52222e+145
6.79829e+145
6.04021e+145
5.23708e+145
4.37608e+145
3.44203e+145
2.41677e+145
1.27837e+145
0
0
0
0
0
0
0
0
0
0
0
0
0
0
0
0
0
0
0
0
0
0
0
0
0
0
4.58445e+146
4.37e+146
4.16553e+146
3.97057e+146
3.78466e+146
3.60737e+146
3.43829e+146
3.27702e+146
3.12317e+146
2.97637e+146
2.83628e+146
2.70255e+146
2.57484e+146
2.45284e+146
2.33623e+146
2.22469e+146
2.11793e+146
2.01564e+146
1.9175e+146
1.82322e+146
1.73248e+146
1.64495e+146
1.56029e+146
1.47815e+146
1.39813e+146
1.31984e+146
1.24281e+146
1.16655e+146
1.09051e+146
1.01406e+146
9.36494e+145
8.57011e+145
7.74683e+145
6.88436e+145
5.97019e+145
4.98965e+145
3.92534e+145
2.75655e+145
1.45826e+145
0
0
0
0
0
0
0
0
0
0
0
0
0
0
0
0
0
0
0
0
0
0
0
0
0
0
5.1952e+146
4.95218e+146
4.72047e+146
4.49954e+146
4.28886e+146
4.08796e+146
3.89636e+146
3.7136e+146
3.53926e+146
3.37291e+146
3.21416e+146
3.06262e+146
2.91791e+146
2.77966e+146
2.64752e+146
2.52113e+146
2.40016e+146
2.28425e+146
2.17305e+146
2.06623e+146
1.96341e+146
1.86423e+146
1.76832e+146
1.67525e+146
1.58459e+146
1.49588e+146
1.40861e+146
1.32221e+146
1.23605e+146
1.14942e+146
1.06153e+146
9.7146e+145
8.78155e+145
7.80402e+145
6.76782e+145
5.65632e+145
4.44983e+145
3.12486e+145
1.6531e+145
0
0
0
0
0
0
0
0
0
0
0
0
0
0
0
0
0
0
0
0
0
0
0
0
0
0
5.85383e+146
5.58e+146
5.31892e+146
5.06997e+146
4.83258e+146
4.60621e+146
4.3903e+146
4.18437e+146
3.98791e+146
3.80046e+146
3.62156e+146
3.45079e+146
3.28771e+146
3.1319e+146
2.98298e+146
2.84053e+146
2.70418e+146
2.57352e+146
2.44817e+146
2.32774e+146
2.21181e+146
2.09998e+146
1.99181e+146
1.88684e+146
1.78458e+146
1.68451e+146
1.58605e+146
1.48855e+146
1.39133e+146
1.29359e+146
1.19443e+146
1.09282e+146
9.87611e+145
8.77431e+145
7.60706e+145
6.35583e+145
4.9987e+145
3.50941e+145
1.85617e+145
0
0
0
0
0
0
0
0
0
0
0
0
0
0
0
0
0
0
0
0
0
0
0
0
0
0
6.51718e+146
6.21232e+146
5.92164e+146
5.64447e+146
5.38017e+146
5.12811e+146
4.88771e+146
4.6584e+146
4.43964e+146
4.23089e+146
4.03166e+146
3.84146e+146
3.6598e+146
3.48624e+146
3.32032e+146
3.1616e+146
3.00963e+146
2.86399e+146
2.72424e+146
2.58993e+146
2.46061e+146
2.33582e+146
2.21508e+146
2.09787e+146
1.98365e+146
1.87183e+146
1.76179e+146
1.65281e+146
1.54413e+146
1.43489e+146
1.3241e+146
1.21067e+146
1.09332e+146
9.70603e+145
8.4081e+145
7.01946e+145
5.51638e+145
3.87024e+145
2.04601e+145
0
0
0
0
0
0
0
0
0
0
0
0
0
0
0
0
0
0
0
0
0
0
0
0
0
0
7.03305e+146
6.70405e+146
6.39035e+146
6.09121e+146
5.80595e+146
5.53388e+146
5.27438e+146
5.02683e+146
4.79063e+146
4.56523e+146
4.35007e+146
4.14463e+146
3.94838e+146
3.76083e+146
3.58149e+146
3.40987e+146
3.2455e+146
3.0879e+146
2.9366e+146
2.79111e+146
2.65095e+146
2.51561e+146
2.38456e+146
2.25727e+146
2.13313e+146
2.01154e+146
1.89181e+146
1.77322e+146
1.65496e+146
1.53613e+146
1.41575e+146
1.29267e+146
1.16563e+146
1.03315e+146
8.93528e+145
7.44737e+145
5.84358e+145
4.09425e+145
2.16227e+145
0
0
0
0
0
0
0
0
0
0
0
0
0
0
0
0
0
0
0
0
0
0
0
0
0
0
6.93963e+146
6.61499e+146
6.30542e+146
6.0102e+146
5.72864e+146
5.46008e+146
5.20389e+146
4.95945e+146
4.72618e+146
4.50353e+146
4.29093e+146
4.08786e+146
3.89381e+146
3.70828e+146
3.53078e+146
3.36082e+146
3.19793e+146
3.04163e+146
2.89143e+146
2.74688e+146
2.60746e+146
2.47268e+146
2.34203e+146
2.21496e+146
2.09092e+146
1.96929e+146
1.84945e+146
1.73071e+146
1.61233e+146
1.49351e+146
1.37335e+146
1.25086e+146
1.12494e+146
9.94302e+145
8.5746e+145
7.1264e+145
5.57673e+145
3.8982e+145
2.05522e+145
0
0
0
0
0
0
0
0
0
0
0
0
0
0
0
0
0
0
0
0
0
0
0
0
0
0
5.09849e+146
4.85997e+146
4.63249e+146
4.41553e+146
4.20858e+146
4.01114e+146
3.82276e+146
3.64297e+146
3.47135e+146
3.30747e+146
3.15093e+146
3.00134e+146
2.8583e+146
2.72146e+146
2.59042e+146
2.46485e+146
2.34437e+146
2.22863e+146
2.11727e+146
2.00993e+146
1.90625e+146
1.80586e+146
1.70838e+146
1.61343e+146
1.52059e+146
1.42946e+146
1.3396e+146
1.25055e+146
1.16184e+146
1.07295e+146
9.83331e+145
8.92385e+145
7.99443e+145
7.03739e+145
6.04374e+145
5.0025e+145
3.89971e+145
2.71695e+145
1.42899e+145
0
0
0
0
0
0
0
0
0
0
0
0
0
0
0
0
0
0
0
0
0
0
0
0
0
0
0
0
0
0
0
0
0
0
0
0
0
0
0
0
0
0
0
0
0
0
0
0
0
0
0
0
0
0
0
0
0
0
0
0
0
0
0
0
0
0
0
0
0
0
0
0
0
0
0
0
0
0
0
0
0
0
0
0
0
0
0
0
0
0
0
