0
0
0
0
0
0
0
0
0
0
0
0
0
0
0
0
0
0
0
0
0
0
0
0
0
0
0
0
0
0
0
0
0
0
1.24345e-14
2.4869e-14
3.55271e-14
3.19744e-14
4.26326e-14
4.9738e-14
6.39488e-14
7.10543e-14
9.9476e-14
9.9476e-14
9.9476e-14
1.13687e-13
1.7053e-13
1.7053e-13
2.84217e-13
1.98952e-13
3.97904e-13
2.84217e-13
2.84217e-13
5.68434e-13
5.68434e-13
7.95808e-13
6.82121e-13
3.41061e-13
1.02318e-12
1.13687e-12
1.36424e-12
1.59162e-12
1.36424e-12
1.13687e-12
2.72848e-12
0
0
1.95399e-14
3.90799e-14
4.9738e-14
6.39488e-14
7.81597e-14
8.52651e-14
1.06581e-13
1.27898e-13
1.27898e-13
1.7053e-13
1.7053e-13
2.27374e-13
2.84217e-13
3.41061e-13
5.40012e-13
3.41061e-13
6.25278e-13
3.97904e-13
5.11591e-13
9.66338e-13
1.02318e-12
1.36424e-12
1.02318e-12
6.82121e-13
1.81899e-12
2.27374e-12
2.72848e-12
3.18323e-12
2.95586e-12
2.27374e-12
4.54747e-12
0
0
2.4869e-14
5.32907e-14
7.10543e-14
9.23706e-14
1.06581e-13
1.13687e-13
1.49214e-13
1.84741e-13
1.98952e-13
2.27374e-13
2.55795e-13
3.12639e-13
3.97904e-13
4.83169e-13
7.38964e-13
5.68434e-13
9.09495e-13
5.68434e-13
8.52651e-13
1.3074e-12
1.36424e-12
1.93268e-12
1.36424e-12
1.02318e-12
2.16005e-12
3.41061e-12
4.09273e-12
4.3201e-12
4.3201e-12
3.41061e-12
5.91172e-12
0
0
2.84217e-14
6.03961e-14
8.17124e-14
1.06581e-13
1.27898e-13
1.42109e-13
1.77636e-13
1.98952e-13
2.27374e-13
2.70006e-13
3.12639e-13
3.69482e-13
5.11591e-13
5.96856e-13
8.52651e-13
6.82121e-13
1.02318e-12
6.82121e-13
1.02318e-12
1.47793e-12
1.59162e-12
2.27374e-12
1.81899e-12
1.36424e-12
2.50111e-12
3.86535e-12
4.77485e-12
4.54747e-12
5.22959e-12
3.18323e-12
6.36646e-12
0
0
2.84217e-14
5.68434e-14
7.81597e-14
1.06581e-13
1.27898e-13
1.42109e-13
1.77636e-13
2.27374e-13
2.41585e-13
2.98428e-13
3.2685e-13
3.69482e-13
5.11591e-13
5.96856e-13
8.52651e-13
6.82121e-13
1.08002e-12
6.82121e-13
1.02318e-12
1.53477e-12
1.47793e-12
2.16005e-12
1.7053e-12
1.13687e-12
2.27374e-12
4.09273e-12
5.22959e-12
4.54747e-12
5.68434e-12
2.50111e-12
5.91172e-12
0
0
2.84217e-14
5.68434e-14
8.52651e-14
1.06581e-13
1.35003e-13
1.63425e-13
1.91847e-13
2.13163e-13
2.55795e-13
3.12639e-13
3.55271e-13
3.97904e-13
5.11591e-13
6.25278e-13
8.52651e-13
7.67386e-13
1.08002e-12
6.82121e-13
9.66338e-13
1.59162e-12
1.7053e-12
2.27374e-12
1.81899e-12
1.02318e-12
2.16005e-12
4.09273e-12
5.22959e-12
4.54747e-12
5.68434e-12
2.04636e-12
5.91172e-12
0
0
3.19744e-14
6.75016e-14
9.59233e-14
1.20792e-13
1.49214e-13
1.7053e-13
1.91847e-13
2.41585e-13
2.84217e-13
3.2685e-13
3.83693e-13
4.54747e-13
5.40012e-13
7.10543e-13
8.52651e-13
8.2423e-13
1.08002e-12
7.38964e-13
9.66338e-13
1.7053e-12
1.93268e-12
2.38742e-12
1.81899e-12
1.02318e-12
2.16005e-12
4.54747e-12
5.00222e-12
4.77485e-12
5.91172e-12
2.27374e-12
6.82121e-12
0
0
3.19744e-14
7.10543e-14
1.03029e-13
1.35003e-13
1.7053e-13
1.91847e-13
2.20268e-13
2.70006e-13
3.12639e-13
3.55271e-13
4.26326e-13
4.83169e-13
5.68434e-13
7.38964e-13
9.09495e-13
9.37916e-13
1.13687e-12
8.52651e-13
1.08002e-12
1.76215e-12
2.04636e-12
2.50111e-12
1.93268e-12
1.36424e-12
2.38742e-12
5.00222e-12
5.22959e-12
5.22959e-12
6.13909e-12
2.50111e-12
7.27596e-12
0
0
3.90799e-14
7.81597e-14
1.13687e-13
1.49214e-13
1.84741e-13
2.06057e-13
2.34479e-13
2.70006e-13
3.12639e-13
3.69482e-13
4.26326e-13
5.40012e-13
5.96856e-13
7.67386e-13
9.66338e-13
1.02318e-12
1.19371e-12
1.02318e-12
1.08002e-12
1.7053e-12
2.04636e-12
2.50111e-12
1.81899e-12
1.47793e-12
2.72848e-12
5.00222e-12
5.22959e-12
5.22959e-12
6.13909e-12
2.95586e-12
7.7307e-12
0
0
3.90799e-14
7.81597e-14
1.1724e-13
1.56319e-13
1.98952e-13
2.27374e-13
2.55795e-13
2.84217e-13
3.12639e-13
3.69482e-13
4.26326e-13
5.40012e-13
5.96856e-13
7.38964e-13
9.09495e-13
1.08002e-12
1.13687e-12
1.08002e-12
1.08002e-12
1.59162e-12
2.04636e-12
2.38742e-12
1.7053e-12
1.47793e-12
2.72848e-12
4.54747e-12
5.00222e-12
4.77485e-12
5.91172e-12
3.18323e-12
7.7307e-12
0
0
3.90799e-14
8.17124e-14
1.27898e-13
1.63425e-13
2.06057e-13
2.41585e-13
2.70006e-13
2.98428e-13
3.12639e-13
3.83693e-13
4.26326e-13
5.40012e-13
5.96856e-13
6.82121e-13
8.2423e-13
9.9476e-13
1.02318e-12
1.02318e-12
1.02318e-12
1.25056e-12
1.81899e-12
2.27374e-12
1.47793e-12
1.36424e-12
2.50111e-12
3.86535e-12
4.77485e-12
4.09273e-12
5.22959e-12
3.18323e-12
7.7307e-12
0
0
4.26326e-14
8.17124e-14
1.20792e-13
1.56319e-13
1.91847e-13
2.27374e-13
2.70006e-13
2.84217e-13
3.12639e-13
3.83693e-13
4.40536e-13
5.11591e-13
5.68434e-13
6.82121e-13
8.2423e-13
9.09495e-13
9.09495e-13
1.02318e-12
1.02318e-12
1.02318e-12
1.47793e-12
1.93268e-12
1.13687e-12
1.25056e-12
2.16005e-12
3.18323e-12
4.3201e-12
3.41061e-12
4.54747e-12
2.95586e-12
7.27596e-12
0
0
4.26326e-14
8.88178e-14
1.27898e-13
1.7053e-13
1.91847e-13
2.20268e-13
2.41585e-13
2.70006e-13
3.12639e-13
3.69482e-13
4.40536e-13
5.11591e-13
5.68434e-13
6.82121e-13
7.95808e-13
7.95808e-13
7.95808e-13
8.52651e-13
9.09495e-13
8.52651e-13
1.13687e-12
1.47793e-12
7.95808e-13
1.02318e-12
1.7053e-12
2.04636e-12
3.41061e-12
2.50111e-12
3.18323e-12
2.50111e-12
5.91172e-12
0
0
4.26326e-14
9.23706e-14
1.35003e-13
1.77636e-13
2.06057e-13
2.34479e-13
2.70006e-13
2.84217e-13
3.12639e-13
3.55271e-13
4.26326e-13
4.54747e-13
4.83169e-13
5.96856e-13
6.82121e-13
7.38964e-13
6.82121e-13
7.38964e-13
7.38964e-13
4.54747e-13
6.82121e-13
7.95808e-13
4.54747e-13
6.82121e-13
9.09495e-13
9.09495e-13
1.81899e-12
1.36424e-12
1.81899e-12
1.36424e-12
3.63798e-12
0
0
3.19744e-14
8.52651e-14
1.27898e-13
1.7053e-13
1.98952e-13
2.20268e-13
2.41585e-13
2.70006e-13
3.12639e-13
3.12639e-13
3.69482e-13
4.26326e-13
4.54747e-13
5.11591e-13
5.40012e-13
5.68434e-13
5.68434e-13
5.11591e-13
3.97904e-13
0
0
0
0
0
0
0
0
0
0
0
0
0
0
5.68434e-14
1.06581e-13
1.49214e-13
1.7053e-13
1.91847e-13
2.13163e-13
2.27374e-13
2.27374e-13
2.55795e-13
3.12639e-13
3.41061e-13
3.69482e-13
3.97904e-13
4.54747e-13
4.83169e-13
5.11591e-13
4.54747e-13
3.97904e-13
0
0
0
0
0
0
0
0
0
0
0
0
0
0
0
4.9738e-14
1.06581e-13
1.42109e-13
1.77636e-13
1.98952e-13
2.13163e-13
2.27374e-13
2.55795e-13
2.84217e-13
3.12639e-13
3.41061e-13
3.69482e-13
3.97904e-13
4.26326e-13
3.97904e-13
4.54747e-13
3.97904e-13
2.84217e-13
0
0
0
0
0
0
0
0
0
0
0
0
0
0
0
5.68434e-14
1.20792e-13
1.63425e-13
2.13163e-13
2.55795e-13
2.55795e-13
2.70006e-13
2.98428e-13
3.12639e-13
3.41061e-13
3.97904e-13
3.97904e-13
4.26326e-13
3.69482e-13
3.12639e-13
2.84217e-13
2.84217e-13
1.7053e-13
0
0
0
0
0
0
0
0
0
0
0
0
0
0
0
4.9738e-14
9.23706e-14
1.42109e-13
1.77636e-13
2.13163e-13
2.13163e-13
2.27374e-13
2.70006e-13
3.12639e-13
3.55271e-13
4.26326e-13
4.26326e-13
3.97904e-13
3.41061e-13
3.41061e-13
3.41061e-13
2.84217e-13
1.7053e-13
0
0
0
0
0
0
0
0
0
0
0
0
0
0
0
5.68434e-14
1.20792e-13
1.91847e-13
2.55795e-13
2.98428e-13
3.2685e-13
3.41061e-13
3.41061e-13
3.41061e-13
3.97904e-13
4.26326e-13
3.97904e-13
3.97904e-13
3.69482e-13
3.41061e-13
3.41061e-13
2.27374e-13
1.13687e-13
0
0
0
0
0
0
0
0
0
0
0
0
0
0
0
7.81597e-14
1.49214e-13
2.13163e-13
2.55795e-13
2.70006e-13
2.70006e-13
2.55795e-13
2.55795e-13
2.70006e-13
3.12639e-13
3.41061e-13
3.97904e-13
4.26326e-13
4.26326e-13
3.41061e-13
3.41061e-13
2.84217e-13
1.7053e-13
0
0
0
0
0
0
0
0
0
0
0
0
0
0
0
7.10543e-14
1.42109e-13
1.98952e-13
2.41585e-13
2.84217e-13
3.12639e-13
3.2685e-13
3.12639e-13
3.41061e-13
3.69482e-13
4.26326e-13
4.83169e-13
4.83169e-13
4.54747e-13
3.97904e-13
3.41061e-13
3.41061e-13
1.7053e-13
0
0
0
0
0
0
0
0
0
0
0
0
0
0
0
4.26326e-14
8.52651e-14
1.27898e-13
1.56319e-13
1.7053e-13
1.84741e-13
2.13163e-13
2.41585e-13
2.84217e-13
3.12639e-13
2.84217e-13
2.84217e-13
2.84217e-13
2.84217e-13
2.27374e-13
2.84217e-13
2.84217e-13
1.7053e-13
0
0
0
0
0
0
0
0
0
0
0
0
0
0
0
0
0
0
0
0
0
0
0
0
0
0
0
0
0
0
0
0
0
0
0
0
0
0
0
0
0
0
0
0
0
0
0
