0
0
0
0
0
0
0
0
0
0
0
0
0
0
0
0
0
0
0
0
0
0
0
0
0
0
0
0
0
0
0
0
0
0
0
0
0
0
0
0
0
0
0
0
0
0
0
0
0
0
0
0
0
0
0
0
0
0
0
0
0
0
0
0
0
0
1.77636e-15
1.77636e-15
3.55271e-15
3.55271e-15
0
1.77636e-15
1.77636e-15
1.77636e-15
5.32907e-15
5.32907e-15
3.55271e-15
3.55271e-15
5.32907e-15
1.06581e-14
1.24345e-14
5.32907e-15
1.06581e-14
1.06581e-14
1.06581e-14
1.06581e-14
1.06581e-14
2.13163e-14
1.42109e-14
7.10543e-15
1.06581e-14
1.06581e-14
2.13163e-14
2.13163e-14
7.10543e-15
1.42109e-14
2.84217e-14
1.42109e-14
1.42109e-14
4.26326e-14
5.68434e-14
7.10543e-14
1.42109e-14
5.68434e-14
2.84217e-14
8.52651e-14
1.13687e-13
5.68434e-14
5.68434e-14
1.42109e-13
0
1.13687e-13
3.41061e-13
3.41061e-13
5.68434e-14
2.84217e-13
1.7053e-13
5.68434e-13
2.27374e-13
5.68434e-13
3.41061e-13
1.13687e-13
4.54747e-13
9.09495e-13
9.09495e-13
6.82121e-13
6.82121e-13
2.27374e-13
1.81899e-12
0
0
0
0
0
1.77636e-15
1.77636e-15
3.55271e-15
5.32907e-15
5.32907e-15
1.06581e-14
1.06581e-14
7.10543e-15
1.06581e-14
1.42109e-14
1.95399e-14
2.13163e-14
1.42109e-14
1.42109e-14
2.13163e-14
1.77636e-14
2.13163e-14
2.13163e-14
3.55271e-14
2.4869e-14
1.77636e-14
1.42109e-14
1.77636e-14
4.26326e-14
2.84217e-14
1.42109e-14
4.9738e-14
4.9738e-14
3.55271e-14
2.84217e-14
8.52651e-14
1.13687e-13
1.27898e-13
0
7.10543e-14
2.84217e-14
1.42109e-13
1.7053e-13
8.52651e-14
8.52651e-14
3.12639e-13
2.84217e-14
2.84217e-13
6.82121e-13
6.82121e-13
2.27374e-13
6.25278e-13
5.11591e-13
7.95808e-13
3.41061e-13
1.02318e-12
4.54747e-13
3.41061e-13
9.09495e-13
1.81899e-12
1.59162e-12
9.09495e-13
1.81899e-12
2.27374e-13
4.09273e-12
0
0
1.77636e-15
3.55271e-15
3.55271e-15
1.77636e-15
3.55271e-15
7.10543e-15
8.88178e-15
1.06581e-14
1.59872e-14
1.59872e-14
1.42109e-14
1.95399e-14
2.13163e-14
3.01981e-14
2.84217e-14
2.84217e-14
2.4869e-14
3.55271e-14
2.84217e-14
3.55271e-14
3.19744e-14
4.9738e-14
3.90799e-14
2.84217e-14
2.4869e-14
3.55271e-14
5.68434e-14
4.9738e-14
2.84217e-14
8.52651e-14
6.39488e-14
5.68434e-14
4.26326e-14
1.42109e-13
1.84741e-13
1.98952e-13
1.42109e-14
1.13687e-13
8.52651e-14
2.55795e-13
2.55795e-13
1.42109e-13
1.13687e-13
4.83169e-13
5.68434e-14
3.97904e-13
9.66338e-13
9.66338e-13
3.97904e-13
9.66338e-13
7.38964e-13
1.13687e-12
5.68434e-13
1.59162e-12
4.54747e-13
9.09495e-13
1.59162e-12
2.72848e-12
2.04636e-12
1.36424e-12
2.95586e-12
6.82121e-13
6.36646e-12
0
0
5.32907e-15
8.88178e-15
7.10543e-15
5.32907e-15
5.32907e-15
8.88178e-15
1.24345e-14
1.42109e-14
1.77636e-14
1.95399e-14
2.13163e-14
2.66454e-14
2.84217e-14
3.73035e-14
3.55271e-14
3.90799e-14
3.90799e-14
4.9738e-14
3.90799e-14
4.9738e-14
3.90799e-14
6.03961e-14
4.61853e-14
4.26326e-14
4.26326e-14
5.68434e-14
8.52651e-14
7.81597e-14
5.68434e-14
1.20792e-13
7.81597e-14
7.81597e-14
6.39488e-14
1.84741e-13
2.27374e-13
2.55795e-13
1.42109e-14
1.42109e-13
1.27898e-13
3.69482e-13
3.41061e-13
1.98952e-13
1.42109e-13
5.96856e-13
1.13687e-13
5.11591e-13
1.25056e-12
1.19371e-12
6.25278e-13
1.25056e-12
1.02318e-12
1.47793e-12
7.95808e-13
2.04636e-12
4.54747e-13
1.36424e-12
2.04636e-12
3.63798e-12
2.95586e-12
1.81899e-12
4.09273e-12
1.13687e-12
8.18545e-12
0
0
5.32907e-15
7.10543e-15
5.32907e-15
3.55271e-15
7.10543e-15
1.06581e-14
1.42109e-14
1.59872e-14
1.95399e-14
2.30926e-14
2.66454e-14
3.37508e-14
3.55271e-14
4.44089e-14
4.44089e-14
4.61853e-14
5.32907e-14
6.75016e-14
5.68434e-14
6.75016e-14
5.68434e-14
7.4607e-14
7.4607e-14
6.75016e-14
7.10543e-14
7.81597e-14
1.13687e-13
1.13687e-13
9.23706e-14
1.7053e-13
9.9476e-14
9.23706e-14
9.9476e-14
2.55795e-13
3.12639e-13
3.41061e-13
1.42109e-14
2.13163e-13
2.13163e-13
5.40012e-13
4.54747e-13
3.41061e-13
2.55795e-13
7.10543e-13
2.27374e-13
6.25278e-13
1.53477e-12
1.42109e-12
9.09495e-13
1.59162e-12
1.3074e-12
2.04636e-12
1.02318e-12
2.50111e-12
9.09495e-13
1.93268e-12
2.27374e-12
4.3201e-12
3.86535e-12
2.50111e-12
5.45697e-12
2.04636e-12
1.04592e-11
0
0
7.10543e-15
8.88178e-15
8.88178e-15
1.06581e-14
1.42109e-14
1.42109e-14
1.59872e-14
2.13163e-14
2.66454e-14
3.19744e-14
3.90799e-14
4.44089e-14
4.61853e-14
5.68434e-14
6.03961e-14
7.10543e-14
7.4607e-14
8.17124e-14
7.4607e-14
8.52651e-14
7.81597e-14
9.23706e-14
1.03029e-13
9.23706e-14
1.03029e-13
1.06581e-13
1.56319e-13
1.56319e-13
1.35003e-13
2.20268e-13
1.35003e-13
1.35003e-13
1.49214e-13
3.41061e-13
3.83693e-13
4.26326e-13
8.52651e-14
2.98428e-13
3.12639e-13
7.67386e-13
6.53699e-13
5.40012e-13
4.26326e-13
8.81073e-13
4.54747e-13
7.95808e-13
1.87583e-12
1.76215e-12
1.25056e-12
2.10321e-12
1.76215e-12
2.84217e-12
1.47793e-12
2.95586e-12
1.59162e-12
2.6148e-12
2.95586e-12
5.45697e-12
5.22959e-12
3.41061e-12
7.04858e-12
2.95586e-12
1.36424e-11
0
0
8.88178e-15
1.59872e-14
1.95399e-14
1.95399e-14
2.30926e-14
2.4869e-14
2.4869e-14
2.84217e-14
3.55271e-14
4.26326e-14
4.79616e-14
5.68434e-14
6.21725e-14
7.10543e-14
7.99361e-14
9.23706e-14
9.59233e-14
1.03029e-13
9.9476e-14
1.06581e-13
1.03029e-13
1.20792e-13
1.35003e-13
1.20792e-13
1.42109e-13
1.42109e-13
2.06057e-13
2.06057e-13
1.91847e-13
2.70006e-13
1.84741e-13
1.91847e-13
2.13163e-13
4.12115e-13
4.68958e-13
5.11591e-13
1.98952e-13
3.97904e-13
4.26326e-13
9.37916e-13
7.95808e-13
7.10543e-13
5.68434e-13
9.9476e-13
6.82121e-13
1.08002e-12
2.21689e-12
2.04636e-12
1.59162e-12
2.44427e-12
2.16005e-12
3.63798e-12
2.04636e-12
3.52429e-12
2.27374e-12
3.06954e-12
4.09273e-12
7.27596e-12
6.82121e-12
4.54747e-12
9.09495e-12
4.09273e-12
1.68257e-11
0
0
7.10543e-15
1.42109e-14
1.95399e-14
2.4869e-14
2.84217e-14
3.37508e-14
3.73035e-14
4.26326e-14
4.9738e-14
5.32907e-14
5.86198e-14
6.92779e-14
7.63833e-14
8.70415e-14
9.76996e-14
1.06581e-13
1.13687e-13
1.24345e-13
1.24345e-13
1.3145e-13
1.3145e-13
1.56319e-13
1.7053e-13
1.59872e-13
1.81188e-13
1.84741e-13
2.41585e-13
2.41585e-13
2.34479e-13
3.05533e-13
2.41585e-13
2.62901e-13
2.55795e-13
4.68958e-13
5.25802e-13
5.82645e-13
3.41061e-13
4.68958e-13
5.40012e-13
1.10845e-12
9.37916e-13
9.37916e-13
7.38964e-13
1.08002e-12
9.37916e-13
1.42109e-12
2.50111e-12
2.33058e-12
2.04636e-12
2.95586e-12
2.44427e-12
4.3201e-12
2.6148e-12
4.20641e-12
2.84217e-12
3.52429e-12
5.22959e-12
8.6402e-12
8.18545e-12
5.91172e-12
1.09139e-11
5.00222e-12
2.00089e-11
0
0
8.88178e-15
1.77636e-14
2.4869e-14
3.01981e-14
3.73035e-14
4.44089e-14
4.79616e-14
5.32907e-14
6.03961e-14
6.92779e-14
7.28306e-14
8.17124e-14
9.41469e-14
1.04805e-13
1.15463e-13
1.27898e-13
1.38556e-13
1.49214e-13
1.49214e-13
1.56319e-13
1.59872e-13
1.88294e-13
2.02505e-13
1.98952e-13
2.20268e-13
2.27374e-13
2.84217e-13
2.84217e-13
2.91323e-13
3.48166e-13
3.12639e-13
3.19744e-13
3.12639e-13
5.11591e-13
5.82645e-13
6.53699e-13
4.83169e-13
5.54223e-13
6.6791e-13
1.3074e-12
1.13687e-12
1.19371e-12
9.9476e-13
1.27898e-12
1.27898e-12
1.87583e-12
2.89901e-12
2.67164e-12
2.6148e-12
3.58114e-12
2.89901e-12
5.00222e-12
3.29692e-12
5.00222e-12
3.29692e-12
4.20641e-12
6.59384e-12
1.02318e-11
9.77707e-12
7.7307e-12
1.29603e-11
5.91172e-12
2.31921e-11
0
0
1.06581e-14
1.95399e-14
2.4869e-14
2.84217e-14
3.37508e-14
4.08562e-14
4.79616e-14
6.03961e-14
7.10543e-14
7.81597e-14
8.52651e-14
9.76996e-14
1.10134e-13
1.24345e-13
1.36779e-13
1.49214e-13
1.63425e-13
1.74083e-13
1.77636e-13
1.81188e-13
1.88294e-13
2.13163e-13
2.38032e-13
2.41585e-13
2.52243e-13
2.73559e-13
3.19744e-13
3.41061e-13
3.41061e-13
3.90799e-13
3.83693e-13
3.76588e-13
3.76588e-13
5.54223e-13
6.6791e-13
7.38964e-13
6.39488e-13
6.82121e-13
7.95808e-13
1.47793e-12
1.36424e-12
1.44951e-12
1.25056e-12
1.44951e-12
1.56319e-12
2.27374e-12
3.29692e-12
2.89901e-12
3.12639e-12
4.20641e-12
3.35376e-12
5.79803e-12
3.75167e-12
6.0254e-12
4.09273e-12
5.11591e-12
7.95808e-12
1.22782e-11
1.15961e-11
1.02318e-11
1.47793e-11
7.04858e-12
2.59206e-11
0
0
1.42109e-14
2.30926e-14
3.01981e-14
3.55271e-14
4.08562e-14
4.61853e-14
5.50671e-14
6.92779e-14
7.99361e-14
8.70415e-14
9.59233e-14
1.08358e-13
1.22569e-13
1.38556e-13
1.54543e-13
1.7053e-13
1.84741e-13
1.91847e-13
1.95399e-13
2.06057e-13
2.13163e-13
2.41585e-13
2.62901e-13
2.80664e-13
2.84217e-13
3.12639e-13
3.48166e-13
3.83693e-13
3.90799e-13
4.26326e-13
4.33431e-13
4.26326e-13
4.33431e-13
5.96856e-13
7.10543e-13
8.10019e-13
7.67386e-13
7.81597e-13
9.37916e-13
1.62004e-12
1.53477e-12
1.64846e-12
1.42109e-12
1.59162e-12
1.76215e-12
2.55795e-12
3.52429e-12
3.0127e-12
3.52429e-12
4.60432e-12
3.69482e-12
6.48015e-12
4.20641e-12
6.9349e-12
4.77485e-12
6.0254e-12
9.09495e-12
1.38698e-11
1.29603e-11
1.20508e-11
1.68257e-11
7.7307e-12
2.72848e-11
0
0
1.59872e-14
3.01981e-14
4.08562e-14
4.79616e-14
5.50671e-14
6.21725e-14
6.92779e-14
7.81597e-14
8.70415e-14
9.59233e-14
1.06581e-13
1.20792e-13
1.36779e-13
1.56319e-13
1.72307e-13
1.88294e-13
2.02505e-13
2.16716e-13
2.23821e-13
2.34479e-13
2.45137e-13
2.70006e-13
2.94875e-13
3.23297e-13
3.30402e-13
3.62377e-13
3.83693e-13
4.33431e-13
4.47642e-13
4.90274e-13
5.04485e-13
4.9738e-13
5.11591e-13
6.53699e-13
7.81597e-13
8.81073e-13
9.23706e-13
9.23706e-13
1.12266e-12
1.81899e-12
1.73372e-12
1.90425e-12
1.7053e-12
1.79057e-12
2.04636e-12
3.0127e-12
3.97904e-12
3.29692e-12
4.09273e-12
5.28644e-12
4.26326e-12
7.16227e-12
4.88853e-12
7.95808e-12
5.57066e-12
7.27596e-12
1.04592e-11
1.59162e-11
1.50067e-11
1.43245e-11
1.93268e-11
9.09495e-12
3.00133e-11
0
0
8.88178e-15
1.59872e-14
2.13163e-14
2.84217e-14
4.08562e-14
5.15143e-14
6.57252e-14
7.81597e-14
9.23706e-14
1.04805e-13
1.1724e-13
1.3145e-13
1.43885e-13
1.63425e-13
1.81188e-13
2.02505e-13
2.23821e-13
2.34479e-13
2.45137e-13
2.59348e-13
2.73559e-13
3.01981e-13
3.2685e-13
3.51719e-13
3.69482e-13
3.94351e-13
4.33431e-13
4.76064e-13
5.04485e-13
5.47118e-13
5.7554e-13
5.61329e-13
5.96856e-13
7.10543e-13
8.3844e-13
9.66338e-13
1.06581e-12
1.0516e-12
1.3074e-12
1.9611e-12
1.9611e-12
2.10321e-12
1.93268e-12
2.01794e-12
2.18847e-12
3.35376e-12
4.37694e-12
3.52429e-12
4.54747e-12
5.91172e-12
4.718e-12
7.50333e-12
5.57066e-12
8.75389e-12
6.25278e-12
8.18545e-12
1.13687e-11
1.75078e-11
1.72804e-11
1.61435e-11
2.13731e-11
9.77707e-12
3.27418e-11
0
0
1.06581e-14
1.95399e-14
2.30926e-14
2.66454e-14
3.55271e-14
4.61853e-14
6.03961e-14
7.63833e-14
9.23706e-14
1.04805e-13
1.15463e-13
1.33227e-13
1.5099e-13
1.72307e-13
1.93623e-13
2.16716e-13
2.41585e-13
2.59348e-13
2.73559e-13
2.8777e-13
3.09086e-13
3.37508e-13
3.6593e-13
3.87246e-13
4.1922e-13
4.40536e-13
4.76064e-13
5.25802e-13
5.68434e-13
6.11067e-13
6.39488e-13
6.32383e-13
6.89226e-13
7.67386e-13
9.23706e-13
1.0516e-12
1.19371e-12
1.1795e-12
1.47793e-12
2.10321e-12
2.16005e-12
2.27374e-12
2.18847e-12
2.21689e-12
2.33058e-12
3.63798e-12
4.77485e-12
3.80851e-12
4.94538e-12
6.48015e-12
5.11591e-12
8.07177e-12
6.36646e-12
9.54969e-12
7.27596e-12
9.20863e-12
1.25056e-11
1.90994e-11
1.97815e-11
1.79625e-11
2.36469e-11
1.09139e-11
3.63798e-11
0
0
7.10543e-15
1.24345e-14
1.77636e-14
2.4869e-14
3.55271e-14
4.79616e-14
5.86198e-14
7.10543e-14
8.52651e-14
1.01252e-13
1.1724e-13
1.36779e-13
1.59872e-13
1.84741e-13
2.13163e-13
2.34479e-13
2.59348e-13
2.80664e-13
2.98428e-13
3.16192e-13
3.41061e-13
3.73035e-13
4.01457e-13
4.22773e-13
4.54747e-13
4.83169e-13
5.25802e-13
5.7554e-13
6.25278e-13
6.6791e-13
6.96332e-13
6.96332e-13
7.60281e-13
8.3844e-13
1.00897e-12
1.12266e-12
1.29319e-12
1.29319e-12
1.60583e-12
2.21689e-12
2.33058e-12
2.41585e-12
2.38742e-12
2.41585e-12
2.50111e-12
3.9222e-12
5.11591e-12
4.03588e-12
5.22959e-12
7.04858e-12
5.45697e-12
8.6402e-12
7.04858e-12
1.02318e-11
8.07177e-12
1.00044e-11
1.36424e-11
2.02363e-11
2.20552e-11
1.95541e-11
2.52385e-11
1.22782e-11
3.91083e-11
0
0
7.10543e-15
1.24345e-14
1.77636e-14
2.66454e-14
3.55271e-14
4.79616e-14
5.86198e-14
7.28306e-14
8.70415e-14
1.06581e-13
1.26121e-13
1.49214e-13
1.74083e-13
2.02505e-13
2.27374e-13
2.4869e-13
2.77112e-13
3.09086e-13
3.30402e-13
3.44613e-13
3.69482e-13
4.05009e-13
4.33431e-13
4.61853e-13
4.93827e-13
5.29354e-13
5.82645e-13
6.25278e-13
6.75016e-13
7.24754e-13
7.53175e-13
7.67386e-13
8.31335e-13
9.09495e-13
1.08002e-12
1.1795e-12
1.36424e-12
1.39266e-12
1.71951e-12
2.33058e-12
2.47269e-12
2.52953e-12
2.58638e-12
2.58638e-12
2.64322e-12
4.20641e-12
5.40012e-12
4.37694e-12
5.51381e-12
7.61702e-12
5.68434e-12
8.98126e-12
7.61702e-12
1.06866e-11
8.86757e-12
1.08002e-11
1.45519e-11
2.11458e-11
2.41016e-11
2.13731e-11
2.66027e-11
1.36424e-11
4.1382e-11
0
0
1.42109e-14
2.4869e-14
3.37508e-14
4.26326e-14
5.32907e-14
6.21725e-14
7.10543e-14
8.34888e-14
9.76996e-14
1.13687e-13
1.33227e-13
1.56319e-13
1.81188e-13
2.16716e-13
2.4869e-13
2.77112e-13
3.09086e-13
3.33955e-13
3.55271e-13
3.8014e-13
4.08562e-13
4.36984e-13
4.65405e-13
5.00933e-13
5.40012e-13
5.82645e-13
6.39488e-13
6.82121e-13
7.31859e-13
7.88702e-13
8.2423e-13
8.52651e-13
9.23706e-13
1.00897e-12
1.16529e-12
1.26477e-12
1.46372e-12
1.50635e-12
1.84741e-12
2.47269e-12
2.6148e-12
2.67164e-12
2.78533e-12
2.84217e-12
2.92744e-12
4.49063e-12
5.68434e-12
4.83169e-12
5.85487e-12
8.2423e-12
6.08225e-12
9.43601e-12
8.41283e-12
1.1255e-11
9.89075e-12
1.19371e-11
1.54614e-11
2.22826e-11
2.6148e-11
2.34195e-11
2.86491e-11
1.61435e-11
4.36557e-11
0
0
1.59872e-14
3.01981e-14
3.90799e-14
4.79616e-14
5.86198e-14
7.10543e-14
8.17124e-14
9.76996e-14
1.15463e-13
1.29674e-13
1.45661e-13
1.7053e-13
1.98952e-13
2.32703e-13
2.66454e-13
2.91323e-13
3.23297e-13
3.58824e-13
3.83693e-13
4.08562e-13
4.36984e-13
4.72511e-13
5.00933e-13
5.3646e-13
5.82645e-13
6.25278e-13
6.82121e-13
7.24754e-13
7.88702e-13
8.45546e-13
8.95284e-13
9.37916e-13
1.00897e-12
1.08002e-12
1.22213e-12
1.33582e-12
1.52056e-12
1.56319e-12
1.93268e-12
2.58638e-12
2.70006e-12
2.75691e-12
2.87059e-12
2.98428e-12
3.15481e-12
4.718e-12
5.85487e-12
5.11591e-12
6.0254e-12
8.58336e-12
6.30962e-12
9.66338e-12
8.86757e-12
1.13687e-11
1.05729e-11
1.23919e-11
1.59162e-11
2.27374e-11
2.7967e-11
2.47837e-11
3.02407e-11
1.75078e-11
4.41105e-11
0
0
1.24345e-14
2.84217e-14
4.08562e-14
5.15143e-14
6.39488e-14
7.63833e-14
8.88178e-14
1.04805e-13
1.22569e-13
1.38556e-13
1.54543e-13
1.77636e-13
2.02505e-13
2.34479e-13
2.66454e-13
3.01981e-13
3.41061e-13
3.73035e-13
3.97904e-13
4.26326e-13
4.61853e-13
5.00933e-13
5.25802e-13
5.64881e-13
6.11067e-13
6.60805e-13
7.17648e-13
7.60281e-13
8.2423e-13
8.88178e-13
9.45022e-13
1.00187e-12
1.07292e-12
1.13687e-12
1.27898e-12
1.36424e-12
1.53477e-12
1.60583e-12
1.9611e-12
2.58638e-12
2.70006e-12
2.75691e-12
2.87059e-12
3.04112e-12
3.29692e-12
4.77485e-12
5.85487e-12
5.22959e-12
6.08225e-12
8.81073e-12
6.36646e-12
9.89075e-12
9.09495e-12
1.13687e-11
1.09139e-11
1.28466e-11
1.59162e-11
2.251e-11
2.91038e-11
2.52385e-11
3.06954e-11
1.75078e-11
4.3201e-11
0
0
1.59872e-14
3.37508e-14
4.61853e-14
5.50671e-14
6.57252e-14
7.99361e-14
1.01252e-13
1.24345e-13
1.45661e-13
1.66978e-13
1.88294e-13
2.13163e-13
2.38032e-13
2.66454e-13
2.98428e-13
3.2685e-13
3.58824e-13
3.90799e-13
4.15668e-13
4.44089e-13
4.79616e-13
5.18696e-13
5.47118e-13
5.93303e-13
6.39488e-13
6.89226e-13
7.53175e-13
8.02913e-13
8.59757e-13
9.166e-13
9.80549e-13
1.0445e-12
1.11555e-12
1.1795e-12
1.32161e-12
1.39266e-12
1.54898e-12
1.62004e-12
2.00373e-12
2.58638e-12
2.70006e-12
2.78533e-12
2.89901e-12
3.15481e-12
3.43903e-12
4.77485e-12
5.85487e-12
5.34328e-12
6.0254e-12
8.92442e-12
6.36646e-12
1.00044e-11
9.09495e-12
1.1255e-11
1.10276e-11
1.27329e-11
1.59162e-11
2.22826e-11
2.9786e-11
2.56932e-11
3.11502e-11
1.72804e-11
4.22915e-11
0
0
1.95399e-14
3.37508e-14
4.44089e-14
5.15143e-14
6.39488e-14
7.81597e-14
9.05942e-14
1.1191e-13
1.35003e-13
1.59872e-13
1.82965e-13
2.11386e-13
2.38032e-13
2.66454e-13
2.98428e-13
3.30402e-13
3.62377e-13
3.97904e-13
4.26326e-13
4.61853e-13
5.00933e-13
5.40012e-13
5.7554e-13
6.14619e-13
6.64357e-13
7.17648e-13
7.81597e-13
8.31335e-13
8.81073e-13
9.45022e-13
1.00897e-12
1.08002e-12
1.15108e-12
1.22213e-12
1.36424e-12
1.42109e-12
1.56319e-12
1.66267e-12
1.98952e-12
2.55795e-12
2.70006e-12
2.81375e-12
2.92744e-12
3.18323e-12
3.52429e-12
4.88853e-12
5.79803e-12
5.45697e-12
6.0254e-12
8.86757e-12
6.36646e-12
9.89075e-12
9.20863e-12
1.09139e-11
1.09139e-11
1.26192e-11
1.59162e-11
2.16005e-11
3.00133e-11
2.6148e-11
3.13776e-11
1.61435e-11
4.09273e-11
0
0
1.95399e-14
3.55271e-14
4.79616e-14
5.68434e-14
6.75016e-14
8.17124e-14
9.41469e-14
1.10134e-13
1.27898e-13
1.5099e-13
1.72307e-13
1.98952e-13
2.27374e-13
2.59348e-13
2.94875e-13
3.30402e-13
3.69482e-13
4.08562e-13
4.36984e-13
4.68958e-13
5.11591e-13
5.57776e-13
5.93303e-13
6.32383e-13
6.85674e-13
7.38964e-13
8.02913e-13
8.52651e-13
9.02389e-13
9.59233e-13
1.02318e-12
1.08713e-12
1.15818e-12
1.25056e-12
1.36424e-12
1.4353e-12
1.56319e-12
1.66267e-12
1.94689e-12
2.47269e-12
2.64322e-12
2.75691e-12
2.84217e-12
3.09797e-12
3.46745e-12
4.83169e-12
5.6275e-12
5.45697e-12
5.91172e-12
8.52651e-12
6.08225e-12
9.66338e-12
8.98126e-12
1.04592e-11
1.03455e-11
1.21645e-11
1.59162e-11
2.0691e-11
2.95586e-11
2.6148e-11
3.11502e-11
1.50067e-11
3.86535e-11
0
0
1.77636e-14
3.55271e-14
4.9738e-14
6.39488e-14
8.17124e-14
9.76996e-14
1.19016e-13
1.40332e-13
1.61648e-13
1.79412e-13
2.02505e-13
2.30926e-13
2.55795e-13
2.91323e-13
3.2685e-13
3.58824e-13
3.94351e-13
4.29878e-13
4.61853e-13
4.93827e-13
5.29354e-13
5.71987e-13
6.14619e-13
6.53699e-13
7.10543e-13
7.67386e-13
8.2423e-13
8.66862e-13
9.23706e-13
9.80549e-13
1.0445e-12
1.09424e-12
1.16529e-12
1.25056e-12
1.33582e-12
1.42109e-12
1.52056e-12
1.64846e-12
1.90425e-12
2.359e-12
2.55795e-12
2.67164e-12
2.75691e-12
2.98428e-12
3.41061e-12
4.66116e-12
5.34328e-12
5.34328e-12
5.68434e-12
8.01492e-12
5.68434e-12
9.32232e-12
8.75389e-12
1.00044e-11
9.77707e-12
1.14824e-11
1.54614e-11
1.95541e-11
2.81943e-11
2.52385e-11
2.95586e-11
1.38698e-11
3.5925e-11
0
0
2.13163e-14
3.90799e-14
5.50671e-14
6.92779e-14
8.52651e-14
1.01252e-13
1.15463e-13
1.3145e-13
1.52767e-13
1.72307e-13
1.91847e-13
2.23821e-13
2.55795e-13
2.91323e-13
3.30402e-13
3.62377e-13
4.01457e-13
4.44089e-13
4.76064e-13
5.08038e-13
5.47118e-13
5.8975e-13
6.2883e-13
6.6791e-13
7.31859e-13
7.88702e-13
8.45546e-13
8.81073e-13
9.30811e-13
9.9476e-13
1.0516e-12
1.11555e-12
1.1724e-12
1.25056e-12
1.32161e-12
1.42109e-12
1.50635e-12
1.63425e-12
1.8332e-12
2.21689e-12
2.41585e-12
2.55795e-12
2.67164e-12
2.78533e-12
3.29692e-12
4.49063e-12
5.11591e-12
5.22959e-12
5.57066e-12
7.38964e-12
5.34328e-12
8.86757e-12
8.41283e-12
9.32232e-12
9.43601e-12
1.08002e-11
1.47793e-11
1.84173e-11
2.66027e-11
2.45564e-11
2.7967e-11
1.31877e-11
3.41061e-11
0
0
1.77636e-14
3.37508e-14
4.9738e-14
6.57252e-14
8.34888e-14
1.03029e-13
1.19016e-13
1.40332e-13
1.65201e-13
1.91847e-13
2.13163e-13
2.41585e-13
2.70006e-13
3.01981e-13
3.37508e-13
3.69482e-13
4.12115e-13
4.583e-13
4.93827e-13
5.25802e-13
5.61329e-13
6.07514e-13
6.43041e-13
6.85674e-13
7.4607e-13
8.02913e-13
8.59757e-13
8.95284e-13
9.37916e-13
9.9476e-13
1.05871e-12
1.11555e-12
1.16529e-12
1.22213e-12
1.29319e-12
1.37845e-12
1.44951e-12
1.5774e-12
1.69109e-12
2.01794e-12
2.18847e-12
2.359e-12
2.47269e-12
2.52953e-12
3.0127e-12
4.09273e-12
4.60432e-12
4.83169e-12
5.17275e-12
6.53699e-12
4.77485e-12
8.18545e-12
7.7307e-12
8.41283e-12
8.75389e-12
9.77707e-12
1.38698e-11
1.7053e-11
2.41016e-11
2.29647e-11
2.54659e-11
1.20508e-11
3.13776e-11
0
0
1.95399e-14
3.19744e-14
4.26326e-14
5.86198e-14
7.10543e-14
8.88178e-14
1.08358e-13
1.3145e-13
1.59872e-13
1.88294e-13
2.20268e-13
2.52243e-13
2.80664e-13
3.19744e-13
3.51719e-13
3.83693e-13
4.22773e-13
4.583e-13
4.90274e-13
5.22249e-13
5.61329e-13
6.07514e-13
6.53699e-13
6.96332e-13
7.4607e-13
7.95808e-13
8.52651e-13
8.95284e-13
9.45022e-13
9.87654e-13
1.0516e-12
1.10134e-12
1.12266e-12
1.1795e-12
1.23634e-12
1.32161e-12
1.36424e-12
1.47793e-12
1.56319e-12
1.79057e-12
1.93268e-12
2.10321e-12
2.18847e-12
2.18847e-12
2.64322e-12
3.63798e-12
4.03588e-12
4.37694e-12
4.60432e-12
5.68434e-12
4.3201e-12
7.16227e-12
6.9349e-12
7.38964e-12
7.84439e-12
8.52651e-12
1.22782e-11
1.50067e-11
2.13731e-11
2.0691e-11
2.20552e-11
1.06866e-11
2.77396e-11
0
0
1.59872e-14
3.19744e-14
4.44089e-14
5.50671e-14
7.4607e-14
9.59233e-14
1.1724e-13
1.42109e-13
1.66978e-13
1.91847e-13
2.13163e-13
2.41585e-13
2.77112e-13
3.12639e-13
3.51719e-13
3.87246e-13
4.29878e-13
4.72511e-13
5.04485e-13
5.40012e-13
5.79092e-13
6.2883e-13
6.71463e-13
7.10543e-13
7.60281e-13
8.02913e-13
8.59757e-13
9.02389e-13
9.52127e-13
1.00187e-12
1.0516e-12
1.09424e-12
1.10845e-12
1.13687e-12
1.19371e-12
1.23634e-12
1.27898e-12
1.35003e-12
1.39266e-12
1.53477e-12
1.67688e-12
1.81899e-12
1.87583e-12
1.87583e-12
2.27374e-12
3.06954e-12
3.35376e-12
3.80851e-12
3.9222e-12
4.77485e-12
3.86535e-12
6.25278e-12
6.13909e-12
6.48015e-12
7.04858e-12
7.27596e-12
1.06866e-11
1.27329e-11
1.8872e-11
1.81899e-11
1.8872e-11
9.54969e-12
2.45564e-11
0
0
1.77636e-14
3.90799e-14
5.32907e-14
6.75016e-14
8.88178e-14
1.10134e-13
1.35003e-13
1.59872e-13
1.88294e-13
2.06057e-13
2.27374e-13
2.55795e-13
2.84217e-13
3.23297e-13
3.6593e-13
4.08562e-13
4.54747e-13
4.93827e-13
5.25802e-13
5.57776e-13
5.8975e-13
6.35936e-13
6.75016e-13
7.14095e-13
7.60281e-13
8.02913e-13
8.59757e-13
9.02389e-13
9.37916e-13
9.80549e-13
1.02318e-12
1.0516e-12
1.08002e-12
1.09424e-12
1.13687e-12
1.15108e-12
1.1795e-12
1.20792e-12
1.20792e-12
1.25056e-12
1.33582e-12
1.44951e-12
1.50635e-12
1.50635e-12
1.81899e-12
2.44427e-12
2.67164e-12
3.06954e-12
3.12639e-12
3.80851e-12
3.18323e-12
5.22959e-12
5.00222e-12
5.22959e-12
5.79803e-12
5.68434e-12
8.86757e-12
1.02318e-11
1.54614e-11
1.47793e-11
1.5234e-11
8.18545e-12
2.04636e-11
0
0
1.77636e-14
3.55271e-14
4.9738e-14
6.39488e-14
8.17124e-14
9.9476e-14
1.27898e-13
1.59872e-13
1.91847e-13
2.23821e-13
2.4869e-13
2.77112e-13
3.09086e-13
3.44613e-13
3.76588e-13
4.12115e-13
4.54747e-13
4.93827e-13
5.22249e-13
5.57776e-13
5.96856e-13
6.39488e-13
6.71463e-13
7.0699e-13
7.60281e-13
8.17124e-13
8.66862e-13
9.02389e-13
9.37916e-13
9.66338e-13
1.00187e-12
1.01608e-12
9.9476e-13
1.00897e-12
1.02318e-12
1.03739e-12
1.00897e-12
1.00897e-12
9.23706e-13
9.09495e-13
9.09495e-13
9.9476e-13
1.0516e-12
1.0516e-12
1.27898e-12
1.64846e-12
1.81899e-12
2.16005e-12
2.16005e-12
2.6148e-12
2.27374e-12
3.75167e-12
3.52429e-12
3.63798e-12
4.09273e-12
3.97904e-12
6.36646e-12
7.27596e-12
1.06866e-11
1.04592e-11
1.06866e-11
5.91172e-12
1.45519e-11
0
0
2.84217e-14
4.9738e-14
7.10543e-14
8.88178e-14
1.10134e-13
1.35003e-13
1.59872e-13
1.88294e-13
2.16716e-13
2.34479e-13
2.62901e-13
2.8777e-13
3.16192e-13
3.51719e-13
3.87246e-13
4.26326e-13
4.72511e-13
5.15143e-13
5.54223e-13
5.79092e-13
6.14619e-13
6.60805e-13
7.0699e-13
7.38964e-13
7.95808e-13
8.3844e-13
8.73968e-13
9.02389e-13
9.23706e-13
9.59233e-13
9.73444e-13
9.87654e-13
9.66338e-13
9.52127e-13
9.37916e-13
9.23706e-13
8.52651e-13
7.81597e-13
6.39488e-13
5.11591e-13
4.83169e-13
5.11591e-13
5.68434e-13
5.96856e-13
7.10543e-13
9.09495e-13
9.66338e-13
1.13687e-12
1.13687e-12
1.36424e-12
1.25056e-12
2.04636e-12
1.93268e-12
1.93268e-12
2.16005e-12
2.16005e-12
3.63798e-12
4.09273e-12
5.68434e-12
5.91172e-12
5.91172e-12
3.41061e-12
7.7307e-12
0
0
2.4869e-14
3.90799e-14
4.9738e-14
6.39488e-14
7.81597e-14
9.23706e-14
1.1724e-13
1.42109e-13
1.66978e-13
1.91847e-13
2.16716e-13
2.52243e-13
2.91323e-13
3.33955e-13
3.83693e-13
4.26326e-13
4.79616e-13
5.32907e-13
5.71987e-13
6.03961e-13
6.39488e-13
6.82121e-13
7.14095e-13
7.4607e-13
7.88702e-13
8.2423e-13
8.66862e-13
8.88178e-13
9.02389e-13
9.23706e-13
9.45022e-13
9.37916e-13
9.09495e-13
8.81073e-13
8.3844e-13
8.10019e-13
6.82121e-13
5.68434e-13
3.2685e-13
0
0
0
0
0
0
0
0
0
0
0
0
0
0
0
0
0
0
0
0
0
0
0
0
0
0
2.4869e-14
4.61853e-14
6.39488e-14
7.81597e-14
9.9476e-14
1.24345e-13
1.45661e-13
1.77636e-13
2.13163e-13
2.38032e-13
2.62901e-13
2.91323e-13
3.16192e-13
3.62377e-13
3.97904e-13
4.47642e-13
4.93827e-13
5.40012e-13
5.7554e-13
6.11067e-13
6.43041e-13
6.82121e-13
7.17648e-13
7.53175e-13
7.95808e-13
8.3844e-13
8.73968e-13
8.73968e-13
8.81073e-13
9.02389e-13
9.09495e-13
9.166e-13
8.81073e-13
8.3844e-13
7.81597e-13
7.10543e-13
5.82645e-13
3.97904e-13
0
0
0
0
0
0
0
0
0
0
0
0
0
0
0
0
0
0
0
0
0
0
0
0
0
0
0
1.06581e-14
2.13163e-14
3.55271e-14
4.26326e-14
4.9738e-14
6.03961e-14
7.81597e-14
9.9476e-14
1.20792e-13
1.45661e-13
1.66978e-13
1.98952e-13
2.38032e-13
2.77112e-13
3.19744e-13
3.62377e-13
4.12115e-13
4.68958e-13
5.11591e-13
5.50671e-13
5.93303e-13
6.46594e-13
6.82121e-13
7.17648e-13
7.67386e-13
8.17124e-13
8.59757e-13
8.73968e-13
8.81073e-13
8.95284e-13
8.95284e-13
8.81073e-13
8.52651e-13
7.95808e-13
7.24754e-13
6.39488e-13
5.11591e-13
3.12639e-13
0
0
0
0
0
0
0
0
0
0
0
0
0
0
0
0
0
0
0
0
0
0
0
0
0
0
0
2.84217e-14
4.61853e-14
6.39488e-14
7.81597e-14
9.9476e-14
1.3145e-13
1.63425e-13
1.98952e-13
2.38032e-13
2.62901e-13
2.91323e-13
3.19744e-13
3.51719e-13
3.90799e-13
4.22773e-13
4.61853e-13
5.00933e-13
5.43565e-13
5.7554e-13
6.07514e-13
6.43041e-13
6.82121e-13
7.10543e-13
7.4607e-13
7.95808e-13
8.3844e-13
8.73968e-13
8.81073e-13
8.88178e-13
8.95284e-13
9.02389e-13
8.95284e-13
8.3844e-13
7.67386e-13
6.96332e-13
6.11067e-13
4.68958e-13
2.84217e-13
0
0
0
0
0
0
0
0
0
0
0
0
0
0
0
0
0
0
0
0
0
0
0
0
0
0
0
3.90799e-14
6.39488e-14
7.81597e-14
8.52651e-14
9.9476e-14
1.1724e-13
1.45661e-13
1.7053e-13
1.91847e-13
2.16716e-13
2.41585e-13
2.80664e-13
3.30402e-13
3.8014e-13
4.33431e-13
4.76064e-13
5.25802e-13
5.61329e-13
5.8975e-13
6.21725e-13
6.60805e-13
7.03437e-13
7.38964e-13
7.67386e-13
8.2423e-13
8.66862e-13
9.02389e-13
9.09495e-13
9.166e-13
9.23706e-13
9.09495e-13
8.95284e-13
8.2423e-13
7.38964e-13
6.39488e-13
5.54223e-13
4.26326e-13
2.41585e-13
0
0
0
0
0
0
0
0
0
0
0
0
0
0
0
0
0
0
0
0
0
0
0
0
0
0
0
3.19744e-14
6.03961e-14
8.17124e-14
9.9476e-14
1.24345e-13
1.45661e-13
1.66978e-13
1.95399e-13
2.23821e-13
2.52243e-13
2.77112e-13
3.12639e-13
3.58824e-13
4.05009e-13
4.54747e-13
5.08038e-13
5.7554e-13
6.35936e-13
6.82121e-13
7.31859e-13
7.67386e-13
8.02913e-13
8.31335e-13
8.59757e-13
9.02389e-13
9.37916e-13
9.59233e-13
9.59233e-13
9.52127e-13
9.37916e-13
9.09495e-13
8.52651e-13
7.81597e-13
6.96332e-13
6.11067e-13
5.25802e-13
3.97904e-13
2.27374e-13
0
0
0
0
0
0
0
0
0
0
0
0
0
0
0
0
0
0
0
0
0
0
0
0
0
0
0
3.90799e-14
6.03961e-14
7.4607e-14
8.52651e-14
1.03029e-13
1.27898e-13
1.59872e-13
1.91847e-13
2.23821e-13
2.4869e-13
2.66454e-13
2.91323e-13
3.23297e-13
3.62377e-13
4.08562e-13
4.583e-13
5.11591e-13
5.54223e-13
5.96856e-13
6.32383e-13
6.75016e-13
7.24754e-13
7.74492e-13
8.2423e-13
8.81073e-13
9.166e-13
9.52127e-13
9.52127e-13
9.45022e-13
9.23706e-13
8.95284e-13
8.52651e-13
7.81597e-13
6.96332e-13
6.11067e-13
5.25802e-13
3.97904e-13
2.13163e-13
0
0
0
0
0
0
0
0
0
0
0
0
0
0
0
0
0
0
0
0
0
0
0
0
0
0
0
2.4869e-14
4.61853e-14
6.75016e-14
8.52651e-14
1.10134e-13
1.38556e-13
1.7053e-13
2.06057e-13
2.41585e-13
2.77112e-13
3.12639e-13
3.55271e-13
4.08562e-13
4.68958e-13
5.32907e-13
5.82645e-13
6.39488e-13
6.89226e-13
7.31859e-13
7.74492e-13
8.31335e-13
8.81073e-13
9.23706e-13
9.59233e-13
1.01608e-12
1.0445e-12
1.06581e-12
1.0516e-12
1.02318e-12
1.00187e-12
9.80549e-13
9.37916e-13
8.52651e-13
7.53175e-13
6.39488e-13
5.54223e-13
3.97904e-13
2.27374e-13
0
0
0
0
0
0
0
0
0
0
0
0
0
0
0
0
0
0
0
0
0
0
0
0
0
0
0
6.03961e-14
1.03029e-13
1.42109e-13
1.74083e-13
2.0961e-13
2.45137e-13
2.91323e-13
3.41061e-13
3.97904e-13
4.47642e-13
4.90274e-13
5.47118e-13
6.11067e-13
6.82121e-13
7.53175e-13
8.02913e-13
8.66862e-13
9.166e-13
9.59233e-13
9.9476e-13
1.03739e-12
1.07292e-12
1.10134e-12
1.10845e-12
1.14397e-12
1.15818e-12
1.1795e-12
1.1795e-12
1.1724e-12
1.13687e-12
1.10845e-12
1.02318e-12
9.23706e-13
8.10019e-13
6.82121e-13
5.68434e-13
4.12115e-13
2.41585e-13
0
0
0
0
0
0
0
0
0
0
0
0
0
0
0
0
0
0
0
0
0
0
0
0
0
0
0
6.39488e-14
1.13687e-13
1.7053e-13
2.13163e-13
2.55795e-13
2.98428e-13
3.33955e-13
3.83693e-13
4.40536e-13
4.90274e-13
5.32907e-13
5.7554e-13
6.25278e-13
6.96332e-13
7.53175e-13
8.17124e-13
8.81073e-13
9.37916e-13
9.80549e-13
1.00897e-12
1.0445e-12
1.06581e-12
1.10845e-12
1.12976e-12
1.16529e-12
1.1724e-12
1.18661e-12
1.1795e-12
1.1724e-12
1.15108e-12
1.13687e-12
1.06581e-12
9.52127e-13
8.2423e-13
7.10543e-13
6.11067e-13
4.68958e-13
2.84217e-13
0
0
0
0
0
0
0
0
0
0
0
0
0
0
0
0
0
0
0
0
0
0
0
0
0
0
0
4.26326e-14
7.81597e-14
1.06581e-13
1.27898e-13
1.49214e-13
1.7053e-13
2.20268e-13
2.70006e-13
3.2685e-13
3.83693e-13
4.33431e-13
4.90274e-13
5.61329e-13
6.39488e-13
7.17648e-13
7.81597e-13
8.52651e-13
9.09495e-13
9.66338e-13
1.00187e-12
1.0445e-12
1.08713e-12
1.10845e-12
1.13687e-12
1.19371e-12
1.22924e-12
1.26477e-12
1.26477e-12
1.23634e-12
1.20792e-12
1.1795e-12
1.10845e-12
9.80549e-13
8.3844e-13
6.96332e-13
5.96856e-13
4.26326e-13
2.55795e-13
0
0
0
0
0
0
0
0
0
0
0
0
0
0
0
0
0
0
0
0
0
0
0
0
0
0
0
3.55271e-14
5.68434e-14
7.81597e-14
1.06581e-13
1.42109e-13
1.7053e-13
2.13163e-13
2.4869e-13
2.84217e-13
3.33955e-13
3.69482e-13
4.12115e-13
4.47642e-13
4.90274e-13
5.40012e-13
5.8975e-13
6.53699e-13
7.17648e-13
7.67386e-13
8.02913e-13
8.59757e-13
9.166e-13
9.80549e-13
1.03029e-12
1.11555e-12
1.1724e-12
1.25056e-12
1.29319e-12
1.3074e-12
1.3074e-12
1.26477e-12
1.19371e-12
1.06581e-12
9.52127e-13
8.2423e-13
6.96332e-13
4.83169e-13
2.84217e-13
0
0
0
0
0
0
0
0
0
0
0
0
0
0
0
0
0
0
0
0
0
0
0
0
0
0
0
8.52651e-14
1.56319e-13
2.20268e-13
2.70006e-13
3.33955e-13
3.90799e-13
4.68958e-13
5.40012e-13
6.03961e-13
6.60805e-13
7.10543e-13
7.67386e-13
8.31335e-13
8.95284e-13
9.66338e-13
1.02318e-12
1.08713e-12
1.15818e-12
1.20082e-12
1.22213e-12
1.25056e-12
1.27898e-12
1.29319e-12
1.30029e-12
1.34293e-12
1.36424e-12
1.37845e-12
1.39266e-12
1.39266e-12
1.36424e-12
1.33582e-12
1.25056e-12
1.13687e-12
9.9476e-13
8.66862e-13
7.24754e-13
5.40012e-13
3.12639e-13
0
0
0
0
0
0
0
0
0
0
0
0
0
0
0
0
0
0
0
0
0
0
0
0
0
0
0
5.68434e-14
8.52651e-14
1.06581e-13
1.20792e-13
1.49214e-13
1.98952e-13
2.70006e-13
3.48166e-13
4.33431e-13
5.18696e-13
5.96856e-13
6.75016e-13
7.60281e-13
8.52651e-13
9.45022e-13
1.01608e-12
1.09424e-12
1.15108e-12
1.1795e-12
1.22213e-12
1.27898e-12
1.35003e-12
1.39977e-12
1.46372e-12
1.56319e-12
1.64846e-12
1.7053e-12
1.7053e-12
1.67688e-12
1.64846e-12
1.5774e-12
1.50635e-12
1.37845e-12
1.23634e-12
1.0516e-12
8.81073e-13
6.25278e-13
3.69482e-13
0
0
0
0
0
0
0
0
0
0
0
0
0
0
0
0
0
0
0
0
0
0
0
0
0
0
0
6.39488e-14
9.9476e-14
1.27898e-13
1.35003e-13
1.49214e-13
1.84741e-13
2.34479e-13
2.91323e-13
3.48166e-13
3.97904e-13
4.40536e-13
4.83169e-13
5.40012e-13
6.11067e-13
7.03437e-13
7.74492e-13
8.88178e-13
1.00897e-12
1.10845e-12
1.22213e-12
1.33582e-12
1.4353e-12
1.50635e-12
1.56319e-12
1.63425e-12
1.7053e-12
1.77636e-12
1.8332e-12
1.8332e-12
1.80478e-12
1.77636e-12
1.64846e-12
1.47793e-12
1.29319e-12
1.10845e-12
9.23706e-13
7.10543e-13
3.69482e-13
0
0
0
0
0
0
0
0
0
0
0
0
0
0
0
0
0
0
0
0
0
0
0
0
0
0
0
7.10543e-14
9.9476e-14
1.35003e-13
1.49214e-13
1.84741e-13
2.34479e-13
2.98428e-13
3.69482e-13
4.40536e-13
5.04485e-13
5.68434e-13
6.46594e-13
7.31859e-13
8.3844e-13
9.66338e-13
1.08002e-12
1.22213e-12
1.33582e-12
1.40687e-12
1.47793e-12
1.53477e-12
1.5774e-12
1.60583e-12
1.63425e-12
1.67688e-12
1.7053e-12
1.73372e-12
1.74794e-12
1.74794e-12
1.71951e-12
1.69109e-12
1.60583e-12
1.44951e-12
1.29319e-12
1.10845e-12
9.66338e-13
6.82121e-13
3.97904e-13
0
0
0
0
0
0
0
0
0
0
0
0
0
0
0
0
0
0
0
0
0
0
0
0
0
0
0
8.52651e-14
1.56319e-13
2.41585e-13
2.84217e-13
3.69482e-13
4.40536e-13
4.9738e-13
5.82645e-13
6.6791e-13
7.53175e-13
8.10019e-13
9.09495e-13
9.80549e-13
1.06581e-12
1.13687e-12
1.23634e-12
1.32161e-12
1.42109e-12
1.47793e-12
1.53477e-12
1.63425e-12
1.71951e-12
1.80478e-12
1.86162e-12
1.97531e-12
2.06057e-12
2.10321e-12
2.11742e-12
2.07478e-12
2.00373e-12
1.90425e-12
1.76215e-12
1.56319e-12
1.33582e-12
1.13687e-12
9.37916e-13
6.82121e-13
3.69482e-13
0
0
0
0
0
0
0
0
0
0
0
0
0
0
0
0
0
0
0
0
0
0
0
0
0
0
0
0
0
0
0
0
0
0
0
0
0
0
0
0
0
0
0
0
0
0
0
0
0
0
0
0
0
0
0
0
0
0
0
0
0
0
0
0
0
0
0
0
0
0
0
0
0
0
0
0
0
0
0
0
0
0
0
0
0
0
0
0
0
0
0
