0
0
0
0
0
0
0
0
0
0
0
0
0
0
0
0
0
0
0
0
0
0
0
0
0
0
0
0
0
0
0
0
0
0
0
0
0
0
0
0
0
0
0
0
0
0
0
0
0
0
0
0
0
0
0
0
0
0
0
0
0
0
0
0
0
0
7.43737e-05
0.000158163
0.00025269
0.000359426
0.000480013
0.000616289
0.000770314
0.000944397
0.00114113
0.00136341
0.0016145
0.00189802
0.00221801
0.00257899
0.00298594
0.00344436
0.00396031
0.00454041
0.00519184
0.00592231
0.00674001
0.00765354
0.00867168
0.00980318
0.0110563
0.0124385
0.0139552
0.0156092
0.0173989
0.0193164
0.0213455
0.0234578
0.0256102
0.0277418
0.0297728
0.0316105
0.0331689
0.0344153
0.035453
0.036613
0.0384156
0.0412442
0.0451798
0.050131
0.0560062
0.0627869
0.0705262
0.0793265
0.0893225
0.100674
0.113563
0.128199
0.144819
0.163691
0.185119
0.209452
0.237082
0.268456
0.304081
0.344534
0.390469
0.442607
0.499092
0
0
0.000157643
0.000335749
0.000537005
0.000764457
0.00102155
0.00131217
0.00164069
0.00201202
0.00243169
0.00290588
0.00344152
0.00404636
0.00472902
0.00549911
0.00636726
0.00734523
0.00844593
0.00968346
0.0110731
0.0126314
0.0143758
0.0163245
0.0184963
0.0209099
0.023583
0.0265311
0.029766
0.0332936
0.0371103
0.0411994
0.0455258
0.0500291
0.0546172
0.0591594
0.0634856
0.0673975
0.0707112
0.0733566
0.0755542
0.0780104
0.0818363
0.0878498
0.096224
0.106763
0.11927
0.133705
0.150182
0.168918
0.190199
0.214365
0.241807
0.272967
0.308349
0.348526
0.394148
0.445951
0.504774
0.571569
0.647414
0.733537
0.83133
0.942332
1.06257
0
0
0.000251358
0.000535724
0.000857384
0.00122119
0.00163262
0.00209787
0.00262391
0.0032186
0.00389077
0.0046503
0.00550831
0.00647717
0.00757072
0.00880433
0.010195
0.0117616
0.0135248
0.0155072
0.0177333
0.0202294
0.0230236
0.0261451
0.0296239
0.0334898
0.0377711
0.0424928
0.0476737
0.0533229
0.0594347
0.0659821
0.0729086
0.0801172
0.0874599
0.0947269
0.101645
0.107896
0.113184
0.117397
0.120888
0.124789
0.130882
0.140477
0.153852
0.170691
0.190678
0.213748
0.240081
0.270024
0.304035
0.342658
0.386514
0.436314
0.492862
0.557072
0.629984
0.712775
0.806786
0.913536
1.03475
1.17239
1.32868
1.50608
1.69821
0
0
0.000357012
0.000761208
0.00121872
0.00173648
0.00232229
0.00298496
0.00373443
0.00458186
0.00553982
0.00662241
0.00784543
0.00922653
0.0107854
0.012544
0.0145265
0.0167599
0.0192734
0.0220995
0.0252728
0.0288312
0.0328143
0.0372639
0.0422227
0.0477332
0.0538357
0.0605655
0.0679493
0.0760001
0.0847094
0.0940386
0.103906
0.114174
0.124631
0.134976
0.144818
0.153704
0.161211
0.167176
0.172104
0.177611
0.186238
0.199856
0.218859
0.242795
0.27121
0.304011
0.341451
0.384024
0.432382
0.487296
0.549652
0.620458
0.700858
0.792154
0.895821
1.01354
1.1472
1.29898
1.47133
1.66703
1.88924
2.14147
2.41459
0
0
0.000476205
0.0010156
0.00162643
0.00231798
0.00310073
0.00398647
0.00498848
0.00612171
0.00740296
0.00885108
0.0104872
0.0123349
0.0144205
0.0167734
0.019426
0.0224141
0.0257773
0.0295585
0.0338044
0.0385653
0.0438944
0.0498476
0.0564818
0.0638539
0.0720176
0.0810201
0.0908969
0.101665
0.113313
0.125788
0.138982
0.152708
0.166681
0.1805
0.193639
0.20549
0.215484
0.223405
0.229924
0.237208
0.248662
0.266792
0.29212
0.324039
0.361941
0.405695
0.455639
0.512431
0.576939
0.650193
0.733375
0.827828
0.935081
1.05687
1.19516
1.35219
1.53049
1.73296
1.96287
2.22393
2.52036
2.85683
3.22109
0
0
0.000610703
0.00130267
0.00208652
0.00297424
0.00397934
0.00511699
0.00640431
0.00786053
0.00950725
0.0113687
0.013472
0.0158476
0.0185292
0.0215545
0.0249653
0.0288077
0.0331322
0.0379943
0.043454
0.0495758
0.0564282
0.0640827
0.0726128
0.0820912
0.0925869
0.10416
0.116857
0.130698
0.145668
0.1617
0.178652
0.196283
0.214226
0.231963
0.248816
0.263997
0.276776
0.286869
0.295143
0.304386
0.318985
0.342163
0.374591
0.415481
0.464046
0.520114
0.584116
0.656894
0.739561
0.833435
0.940031
1.06107
1.19852
1.35458
1.5318
1.73303
1.96153
2.22099
2.51561
2.85016
3.23003
3.66122
4.1279
0
0
0.000762464
0.00162658
0.00260568
0.00371479
0.00497084
0.00639289
0.00800238
0.00982339
0.011883
0.0142115
0.0168429
0.0198152
0.0231707
0.0269565
0.0312248
0.0360333
0.0414453
0.0475301
0.0543628
0.0620239
0.0705991
0.0801781
0.0908523
0.102713
0.115845
0.130325
0.14621
0.163524
0.182249
0.202298
0.223494
0.245533
0.267953
0.290103
0.311132
0.330051
0.345939
0.35844
0.368637
0.380028
0.398113
0.426928
0.467309
0.518263
0.578797
0.648689
0.728474
0.819199
0.922251
1.03928
1.17216
1.32305
1.49439
1.68894
1.90986
2.16072
2.44556
2.76901
3.13629
3.55333
4.02689
4.5644
5.14602
0
0
0.000933666
0.00199199
0.00319136
0.00455024
0.00608945
0.00783242
0.0098055
0.0120383
0.014564
0.01742
0.0206479
0.0242943
0.0284113
0.0330565
0.038294
0.0441946
0.050836
0.058303
0.0666877
0.076089
0.0866119
0.0983661
0.111464
0.126016
0.142129
0.159894
0.17938
0.200617
0.223582
0.248166
0.27415
0.301159
0.328625
0.355741
0.38146
0.404562
0.423913
0.439069
0.451362
0.465091
0.487024
0.522119
0.571393
0.633616
0.70756
0.792945
0.890418
1.00126
1.12716
1.27013
1.43247
1.61682
1.82614
2.06384
2.33373
2.64021
2.98821
3.38337
3.83208
4.34159
4.92014
5.57683
6.28718
0
0
0.00112673
0.00240407
0.00385184
0.0054924
0.00735096
0.0094559
0.0118391
0.0145365
0.0175882
0.0210394
0.0249406
0.0293481
0.0343248
0.0399405
0.0462728
0.0534069
0.061437
0.0704655
0.0806037
0.091971
0.104694
0.118906
0.134741
0.152335
0.171813
0.193287
0.216838
0.242504
0.270252
0.299952
0.331333
0.363942
0.397084
0.429782
0.46076
0.488536
0.511729
0.529797
0.544352
0.560606
0.586767
0.628837
0.688031
0.762847
0.851786
0.954499
1.07176
1.2051
1.35655
1.52855
1.72385
1.94561
2.19743
2.48337
2.80806
3.17674
3.59539
4.07076
4.61055
5.22349
5.91949
6.70947
7.56375
0
0
0.00134435
0.00286855
0.00459631
0.00655439
0.00877293
0.0112859
0.0141315
0.0173526
0.0209974
0.0251199
0.0297804
0.0350464
0.0409931
0.047704
0.0552717
0.0637982
0.0733958
0.084187
0.0963047
0.109891
0.125098
0.142084
0.161009
0.182035
0.205311
0.23097
0.259108
0.289767
0.322909
0.358372
0.395832
0.434741
0.474263
0.513223
0.550086
0.583068
0.610509
0.631751
0.64872
0.667672
0.698451
0.748238
0.818469
0.907323
1.01299
1.13504
1.27437
1.43282
1.6128
1.81718
2.04926
2.31279
2.61202
2.95181
3.33764
3.77575
4.27323
4.83812
5.47956
6.20792
7.03498
7.97373
8.98849
0
0
0.0015895
0.00339179
0.00543497
0.00775072
0.0103748
0.0133474
0.0167139
0.0205251
0.0248381
0.029717
0.0352333
0.041467
0.0485071
0.0564527
0.0654133
0.0755099
0.0868754
0.0996547
0.114005
0.130095
0.148104
0.168218
0.190628
0.215524
0.243082
0.273458
0.306765
0.343051
0.382265
0.424216
0.468514
0.514502
0.561184
0.607156
0.650588
0.689353
0.721465
0.746135
0.765647
0.787439
0.823225
0.881516
0.963985
1.06844
1.19272
1.33628
1.50019
1.68658
1.8983
2.13873
2.41174
2.72174
3.07375
3.47347
3.92734
4.44272
5.02794
5.69246
6.44703
7.30385
8.27677
9.38108
10.5743
0
0
0.00186547
0.0039808
0.00637902
0.00909741
0.012178
0.0156681
0.0196209
0.0240964
0.0291618
0.0348922
0.0413721
0.0486954
0.0569669
0.0663031
0.0768328
0.0886983
0.102055
0.117075
0.133941
0.152852
0.174017
0.197657
0.223994
0.253249
0.28563
0.321319
0.360444
0.403062
0.449108
0.498352
0.550329
0.60426
0.658962
0.71277
0.763516
0.808676
0.845896
0.874227
0.896362
0.921089
0.962254
1.02987
1.12586
1.2476
1.39251
1.55994
1.75111
1.9685
2.21544
2.49585
2.81426
3.17583
3.58639
4.05258
4.58194
5.18304
5.86559
6.64064
7.52071
8.52003
9.65477
10.9427
12.3338
0
0
0.00217585
0.00464327
0.00744083
0.0106121
0.014206
0.0182781
0.0228905
0.0281131
0.0340246
0.040713
0.0482767
0.0568258
0.0664827
0.0773834
0.0896787
0.103535
0.119133
0.136674
0.156372
0.178457
0.203176
0.230783
0.261539
0.2957
0.333508
0.375171
0.420839
0.470573
0.524292
0.581723
0.642311
0.705137
0.768804
0.831346
0.890207
0.942409
0.985168
1.01736
1.04212
1.0698
1.11668
1.19446
1.30531
1.44613
1.61383
1.80763
2.02892
2.28057
2.56642
2.89102
3.25962
3.67816
4.15342
4.69308
5.30587
6.0017
6.79181
7.689
8.70776
9.86457
11.1781
12.6691
14.2785
0
0
0.0025246
0.00538762
0.00863386
0.0123139
0.0164847
0.0212107
0.0265641
0.0326262
0.0394884
0.047253
0.0560346
0.065961
0.0771746
0.0898336
0.104113
0.120206
0.138324
0.158699
0.18158
0.207234
0.235947
0.268014
0.303736
0.34341
0.387314
0.435688
0.488703
0.546422
0.608748
0.675351
0.745579
0.818345
0.892007
0.964255
1.03208
1.09199
1.1407
1.17687
1.20416
1.2347
1.28754
1.37632
1.50344
1.66519
1.85795
2.08076
2.33518
2.62452
2.95317
3.32639
3.75018
4.23141
4.77784
5.39832
6.10288
6.90291
7.81135
8.8429
10.0142
11.3443
12.8546
14.5688
16.4182
0
0
0.002916
0.006223
0.00997279
0.0142238
0.0190421
0.0245018
0.0306868
0.037691
0.0456201
0.0545926
0.0647408
0.0762129
0.0891735
0.103806
0.120312
0.138916
0.159862
0.183418
0.209871
0.239532
0.272729
0.309801
0.351097
0.396956
0.447699
0.503599
0.564848
0.631513
0.703473
0.780335
0.861328
0.945176
1.02995
1.11294
1.19063
1.25892
1.31394
1.35409
1.38365
1.41677
1.47573
1.57629
1.72109
1.9057
2.12585
2.38038
2.67105
3.00161
3.37709
3.80349
4.28767
4.83746
5.46176
6.17065
6.9756
7.88962
8.92751
10.106
11.4443
12.9638
14.6893
16.6478
18.7594
0
0
0.00335468
0.00715929
0.0114734
0.0163644
0.0219082
0.0281904
0.0353072
0.0433672
0.052492
0.062818
0.0744978
0.087702
0.10262
0.119464
0.138466
0.159884
0.183999
0.211119
0.241577
0.275727
0.313948
0.356629
0.404168
0.456956
0.515357
0.579681
0.650142
0.726809
0.809531
0.897839
0.990825
1.08699
1.18407
1.27891
1.36738
1.44468
1.50627
1.55026
1.58159
1.61677
1.68182
1.79486
1.95872
2.1681
2.418
2.70699
3.03703
3.41239
3.83875
4.32293
4.87272
5.49701
6.2059
7.01085
7.92488
8.96277
10.1413
11.4795
12.9991
14.7246
16.6839
18.9077
21.3039
0
0
0.00384559
0.00820703
0.0131527
0.0187598
0.0251155
0.0323178
0.0404775
0.0497188
0.0601813
0.0720217
0.0854151
0.100557
0.117666
0.136983
0.158777
0.183343
0.211003
0.242111
0.277048
0.31622
0.360059
0.409012
0.463533
0.524067
0.591025
0.664758
0.745502
0.833327
0.92804
1.02908
1.13539
1.2452
1.35586
1.46369
1.56385
1.65073
1.71902
1.76643
1.79869
1.83506
1.90592
2.03199
2.21619
2.45219
2.73411
3.06021
3.43268
3.85629
4.33747
4.8839
5.50438
6.20894
7.00897
7.91741
8.94896
10.1203
11.4503
12.9606
14.6756
16.6229
18.8341
21.3438
24.0462
0
0
0.00439397
0.00937743
0.0150285
0.0214355
0.028698
0.0369282
0.0462526
0.0568133
0.0687699
0.0823015
0.0976085
0.114915
0.134469
0.156549
0.18146
0.20954
0.241159
0.276719
0.316655
0.361432
0.411542
0.467494
0.529804
0.598975
0.675474
0.75969
0.851885
0.952121
1.06016
1.17533
1.29637
1.42123
1.5468
1.66877
1.7815
1.87842
1.95327
2.00333
2.03521
2.07142
2.14742
2.28683
2.49248
2.75676
3.07277
3.43843
3.85611
4.33116
4.87078
5.48356
6.17938
6.9695
7.86668
8.88544
10.0423
11.3558
12.8474
14.5411
16.4643
18.6481
21.1278
23.9423
26.9704
0
0
0.0050053
0.0106821
0.0171196
0.0244183
0.0326916
0.0420675
0.05269
0.0647212
0.078343
0.0937595
0.111199
0.130917
0.153197
0.178354
0.206738
0.238733
0.274761
0.315279
0.360783
0.411802
0.468894
0.532636
0.603612
0.682391
0.769496
0.86536
0.970267
1.08427
1.20706
1.33784
1.47513
1.6165
1.75834
1.89558
2.02166
2.12884
2.20978
2.26119
2.29069
2.32468
2.40466
2.55738
2.78527
3.07917
3.43099
3.83822
4.30345
4.83257
5.43362
6.11616
6.89121
7.77127
8.7706
9.90534
11.1938
12.657
14.3183
16.2048
18.347
20.7794
23.5414
26.6763
30.0465
0
0
0.00568519
0.0121332
0.0194452
0.0277355
0.0371329
0.0477828
0.0598488
0.0735151
0.0889883
0.1065
0.126311
0.148709
0.174018
0.202596
0.23484
0.271186
0.312112
0.358138
0.409826
0.467776
0.532618
0.605006
0.685598
0.775031
0.873891
0.982655
1.10163
1.23083
1.36989
1.51785
1.67295
1.83234
1.99178
2.14536
2.28537
2.40272
2.48875
2.53946
2.56366
2.59241
2.6745
2.83997
3.09045
3.4148
3.80354
4.25367
4.76796
5.35291
6.01738
6.77193
7.62875
8.60168
9.70644
10.9609
12.3854
14.0029
15.8395
17.9251
20.2932
22.9823
26.0357
29.5013
33.224
0
0
0.00643932
0.0137427
0.0220246
0.0314146
0.0420587
0.0541215
0.0677883
0.0832676
0.100794
0.120629
0.143068
0.168438
0.197105
0.229474
0.265995
0.307161
0.353513
0.40564
0.464176
0.529798
0.603218
0.68517
0.776393
0.877601
0.989441
1.11244
1.2469
1.39283
1.54975
1.71651
1.89102
2.06992
2.24825
2.41906
2.57329
2.70024
2.7896
2.83648
2.8511
2.87023
2.95161
3.12862
3.40136
3.7562
4.18205
4.67536
5.23904
5.88017
6.60847
7.43552
8.37465
9.44104
10.6519
12.0269
13.5882
15.3611
17.3742
19.6601
22.2558
25.2032
28.55
32.3485
36.4253
0
0
0.00727323
0.0155224
0.0248768
0.0354828
0.0475052
0.06113
0.0765664
0.0940501
0.113845
0.136249
0.161592
0.190246
0.222622
0.25918
0.300425
0.346914
0.399257
0.458118
0.524211
0.598296
0.681174
0.773667
0.8766
0.990768
1.11688
1.25551
1.40697
1.57121
1.74763
1.93483
2.13033
2.33018
2.52852
2.71717
2.88546
3.02071
3.11058
3.149
3.14785
3.15109
3.22769
3.41411
3.70782
4.09206
4.55388
5.08907
5.70066
6.39633
7.18657
8.08396
9.10297
10.2601
11.5739
13.0659
14.76
16.6836
18.868
21.3483
24.1647
27.3628
30.9943
35.1158
39.5356
0
0
0.00819215
0.0174835
0.0280197
0.0399654
0.0535064
0.068852
0.0862379
0.105929
0.128224
0.153455
0.181997
0.214266
0.250727
0.291894
0.338337
0.390683
0.449616
0.515882
0.59028
0.673664
0.766927
0.870988
0.986764
1.11513
1.25686
1.41257
1.58257
1.76673
1.96429
2.17357
2.39158
2.61366
2.83287
3.03956
3.22107
3.36229
3.44832
3.4715
3.44567
3.42406
3.49015
3.6827
3.99484
4.4058
4.9005
5.47404
6.12953
6.87514
7.72213
8.68396
9.77614
11.0163
12.4246
14.0236
15.8394
17.9012
20.2424
22.9008
25.9195
29.3472
33.2394
37.6569
42.3904
0
0
0.00920078
0.0196359
0.0314692
0.0448853
0.0600928
0.0773267
0.0968516
0.118965
0.144001
0.172335
0.204385
0.240618
0.281556
0.327777
0.379917
0.438678
0.504829
0.5792
0.662687
0.75624
0.860855
0.977551
1.10734
1.25118
1.40992
1.58418
1.77427
1.97996
2.20028
2.43316
2.67505
2.92038
3.16093
3.38523
3.57816
3.72158
3.79726
3.79533
3.73197
3.67272
3.72051
3.91447
4.24078
4.67357
5.1954
5.80062
6.4924
7.2793
8.1732
9.1883
10.341
11.6498
13.1361
14.8237
16.74
18.916
21.3869
24.1925
27.3784
30.996
35.1037
39.7659
44.7583
0
0
0.010303
0.0219882
0.0352387
0.0502614
0.0672896
0.0865864
0.108448
0.133207
0.161237
0.192958
0.228838
0.269399
0.315224
0.366957
0.425311
0.491068
0.565084
0.648286
0.741669
0.846288
0.963245
1.09366
1.23866
1.39927
1.57639
1.77069
1.9824
2.21116
2.45574
2.7136
2.98048
3.2497
3.51146
3.75203
3.95327
4.09309
4.14888
4.10754
3.98798
3.87274
3.89199
4.081
4.415
4.8617
5.4012
6.02713
6.74263
7.55653
8.48109
9.53102
10.7232
12.077
13.6142
15.3598
17.3418
19.5925
22.1481
25.0501
28.3453
32.087
36.3357
41.1577
46.3191
0
0
0.0115019
0.0245465
0.0393382
0.0561078
0.0751158
0.0966554
0.121057
0.148692
0.179976
0.215378
0.255418
0.30068
0.35181
0.409528
0.474624
0.54797
0.630514
0.723284
0.827383
0.943975
1.07427
1.21951
1.3809
1.55955
1.75643
1.97218
2.20696
2.46024
2.73041
3.01438
3.30696
3.60015
3.88217
4.1365
4.34109
4.46877
4.49087
4.38939
4.18621
3.98835
3.96627
4.14225
4.47457
4.9232
5.46586
6.09561
6.81551
7.63442
8.56468
9.62107
10.8206
12.1827
13.7294
15.4857
17.48
19.7445
22.3159
25.2357
28.5511
32.3159
36.5907
41.4425
46.635
0
0
0.0127992
0.0273147
0.043774
0.0624337
0.0835832
0.107549
0.134697
0.165442
0.200244
0.239624
0.284161
0.334501
0.391362
0.455541
0.527914
0.609446
0.701184
0.804263
0.919897
1.04937
1.194
1.35513
1.53407
1.73202
1.94995
2.18848
2.44767
2.72671
3.02355
3.33438
3.65289
3.96939
4.26967
4.53366
4.73431
4.8376
4.80631
4.61451
4.28663
3.96666
3.8888
4.04233
4.35994
4.79302
5.31751
5.92623
6.62207
7.4136
8.31275
9.33383
10.4933
11.8099
13.3048
15.0024
16.93
19.1188
21.6042
24.4264
27.631
31.2699
35.4018
40.0914
45.1119
0
0
0.014196
0.0302952
0.0485496
0.0692438
0.0926982
0.119274
0.149379
0.183468
0.222055
0.265713
0.315083
0.37088
0.433898
0.505015
0.585199
0.675511
0.777105
0.891227
1.01921
1.16244
1.32237
1.50045
1.69806
1.91647
2.15666
2.41919
2.70394
3.00975
3.33402
3.67201
4.01603
4.35432
4.66957
4.93724
5.12373
5.18569
5.07328
4.747
4.23101
3.72832
3.58245
3.70391
3.98909
4.38175
4.85755
5.40964
6.04069
6.7585
7.5739
8.49987
9.55132
10.7453
12.101
13.6404
15.3885
17.3734
19.6273
22.1866
25.0927
28.3926
32.1397
36.3925
40.9499
0
0
0.0156932
0.0334897
0.0536681
0.0765422
0.102466
0.131839
0.165109
0.20278
0.245418
0.293655
0.348197
0.409832
0.479432
0.557964
0.64649
0.746174
0.858279
0.984167
1.12528
1.28315
1.45932
1.65534
1.87269
2.11266
2.37622
2.66382
2.97509
3.30844
3.66053
4.02551
4.39396
4.75155
5.07714
5.34047
5.49938
5.49755
5.266
4.74044
3.9342
3.15032
2.93888
3.02098
3.24977
3.56705
3.95124
4.39679
4.90594
5.48507
6.14291
6.88996
7.73825
8.70149
9.79525
11.0372
12.4475
14.0489
15.8673
17.9321
20.2767
22.9389
25.962
29.3931
33.0771
0
0
0.0172932
0.0369036
0.0591375
0.0843405
0.112902
0.145262
0.181912
0.223408
0.270369
0.323491
0.38355
0.451408
0.528023
0.614451
0.711857
0.821509
0.944786
1.08316
1.23822
1.41157
1.60491
1.81986
2.05797
2.32054
2.60851
2.92214
3.26074
3.62218
4.00221
4.39361
4.78487
5.15853
5.48876
5.73813
5.85338
5.76035
5.36044
4.54178
3.27026
2.03028
1.8089
1.84996
1.98911
2.18209
2.41515
2.68513
2.99353
3.34428
3.7427
4.19514
4.70889
5.29226
5.95468
6.70687
7.56099
8.53084
9.63212
10.8826
12.3026
13.915
15.7458
17.8239
20.0623
0
0
0.0190029
0.0405511
0.0649808
0.0926715
0.12405
0.159599
0.199858
0.245435
0.297009
0.355342
0.421283
0.495774
0.579861
0.674698
0.781551
0.901801
1.03694
1.18858
1.3584
1.54815
1.75961
1.99452
2.25445
2.54072
2.85414
3.19477
3.56152
3.95157
4.35962
4.7768
5.18917
5.57558
5.90466
6.13046
6.18605
5.97387
5.35125
4.11411
2.05107
0
0
0
0
0
0
0
0
0
0
0
0
0
0
0
0
0
0
0
0
0
0
0
0
0
0
0.0208373
0.0444646
0.07125
0.101609
0.136009
0.174977
0.219104
0.269055
0.325573
0.389488
0.461726
0.543317
0.635398
0.739226
0.856175
0.987744
1.13555
1.30131
1.48685
1.69404
1.92475
2.1808
2.4638
2.77504
3.1152
3.48407
3.88008
4.29961
4.73617
5.17905
5.61159
6.00861
6.33273
6.52879
6.51523
6.16891
5.29382
3.53316
0
0
0
0
0
0
0
0
0
0
0
0
0
0
0
0
0
0
0
0
0
0
0
0
0
0
0
0.0228248
0.0487042
0.0780412
0.11129
0.148962
0.191632
0.239947
0.294632
0.356498
0.426452
0.505502
0.594768
0.695489
0.809029
0.93688
1.08066
1.24212
1.42311
1.62558
1.85152
2.10291
2.38165
2.68937
3.02732
3.39603
3.79498
4.22206
4.67282
5.13945
5.60934
6.06303
6.47131
6.791
6.95877
6.88155
6.42119
5.36803
3.39438
0
0
0
0
0
0
0
0
0
0
0
0
0
0
0
0
0
0
0
0
0
0
0
0
0
0
0
0.0250092
0.053364
0.0855051
0.121929
0.163196
0.209934
0.26285
0.322735
0.390475
0.467059
0.553586
0.651277
0.761479
0.885674
1.02548
1.18265
1.35907
1.55675
1.77775
2.02422
2.29825
2.6018
2.93656
3.3037
3.70362
4.13547
4.59658
5.08164
5.58153
6.08173
6.56006
6.98349
7.30369
7.45051
7.32256
6.77333
5.59093
3.4714
0
0
0
0
0
0
0
0
0
0
0
0
0
0
0
0
0
0
0
0
0
0
0
0
0
0
0
0.0274493
0.058569
0.0938422
0.133813
0.179095
0.230375
0.288429
0.354121
0.42842
0.512406
0.607282
0.714377
0.835162
0.971249
1.1244
1.29651
1.48963
1.70592
1.94761
2.21699
2.51627
2.84753
3.21249
3.61229
4.04716
4.51595
5.01543
5.53942
6.07749
6.61325
7.12185
7.56666
7.89452
8.02913
7.86171
7.23807
5.94069
3.66599
0
0
0
0
0
0
0
0
0
0
0
0
0
0
0
0
0
0
0
0
0
0
0
0
0
0
0
0.0302119
0.064462
0.103281
0.147268
0.197094
0.253518
0.317388
0.389653
0.471378
0.563746
0.668072
0.785815
0.918581
1.06813
1.23639
1.42542
1.63746
1.87483
2.13996
2.4353
2.76323
3.12593
3.52519
3.96213
4.43684
4.94785
5.49137
6.06034
6.643
7.221
7.76683
8.24013
8.58281
8.71211
8.51115
7.81588
6.39728
3.93766
0
0
0
0
0
0
0
0
0
0
0
0
0
0
0
0
0
0
0
0
0
0
0
0
0
0
0
0.0333645
0.0711869
0.114053
0.162622
0.217636
0.279929
0.350436
0.430205
0.520405
0.622338
0.737453
0.867351
1.0138
1.17872
1.36423
1.57259
1.80622
2.06768
2.3596
2.68463
3.04532
3.44401
3.88257
4.36211
4.8826
5.44222
6.03661
6.65775
7.29247
7.92035
8.51094
9.01985
9.38349
9.5118
9.27828
8.50632
6.95056
4.27133
0
0
0
0
0
0
0
0
0
0
0
0
0
0
0
0
0
0
0
0
0
0
0
0
0
0
0
0.036971
0.07888
0.126375
0.180187
0.241135
0.310144
0.388246
0.4766
0.576497
0.689376
0.816837
0.960644
1.12274
1.30526
1.51052
1.741
1.99937
2.28842
2.61103
2.97008
3.36833
3.8083
4.29196
4.82043
5.39353
6.0091
6.66215
7.3436
8.03871
8.72474
9.36795
9.91939
10.3092
10.4389
10.1705
9.31234
7.59888
4.66331
0
0
0
0
0
0
0
0
0
0
0
0
0
0
0
0
0
0
0
0
0
0
0
0
0
0
0
0.0410928
0.0876723
0.140458
0.200262
0.267994
0.344677
0.43146
0.529626
0.640608
0.766001
0.907574
1.06728
1.24728
1.44992
1.67776
1.93354
2.22021
2.54082
2.89853
3.29651
3.73776
4.22498
4.76029
5.34482
5.97823
6.65798
7.37836
8.12913
8.89374
9.64684
10.3509
10.9519
11.3726
11.5048
11.1974
10.2411
8.3465
5.11542
0
0
0
0
0
0
0
0
0
0
0
0
0
0
0
0
0
0
0
0
0
0
0
0
0
0
0
0.0457932
0.0976991
0.156519
0.223156
0.298623
0.38406
0.480744
0.590101
0.713726
0.85339
1.01106
1.18891
1.38932
1.61491
1.86851
2.15316
2.4721
2.82873
3.2265
3.6689
4.15922
4.70039
5.29467
5.94321
6.64551
7.3986
8.19593
9.02596
9.87009
10.7
11.4739
12.1317
12.588
12.7235
12.3719
11.3034
9.20175
5.63253
0
0
0
0
0
0
0
0
0
0
0
0
0
0
0
0
0
0
0
0
0
0
0
0
0
0
0
0.0511423
0.10911
0.174796
0.249209
0.33348
0.428879
0.536829
0.658923
0.796936
0.952842
1.12883
1.32732
1.55098
1.80269
2.08561
2.40311
2.7588
3.15641
3.59979
4.09276
4.63894
5.24153
5.90295
6.62439
7.40515
8.24175
9.12675
10.0471
10.9818
11.8992
12.7527
13.4754
13.9725
14.1117
13.7098
12.5136
10.176
6.22153
0
0
0
0
0
0
0
0
0
0
0
0
0
0
0
0
0
0
0
0
0
0
0
0
0
0
0
0.0572185
0.122071
0.195558
0.278805
0.373075
0.47979
0.600539
0.737101
0.891458
1.06581
1.26262
1.48456
1.73461
2.01599
2.33222
2.68704
3.08447
3.52864
4.02384
4.57426
5.1839
5.85626
6.59396
7.39821
8.2681
9.19959
10.1842
11.2071
12.2448
13.2617
14.2056
15.0019
15.5453
15.689
15.2298
13.8886
11.283
6.89072
0
0
0
0
0
0
0
0
0
0
0
0
0
0
0
0
0
0
0
0
0
0
0
0
0
0
0
0.0641041
0.136759
0.219085
0.312342
0.417944
0.537482
0.672734
0.82569
0.998567
1.19383
1.41421
1.66273
1.94268
2.25769
2.61165
3.00877
3.45348
3.95041
4.50429
5.1198
5.80133
6.55273
7.37683
8.27487
9.24571
10.2847
11.382
12.5211
13.6754
14.8049
15.8512
16.7309
17.3267
17.4753
16.9514
15.446
12.5369
7.64886
0
0
0
0
0
0
0
0
0
0
0
0
0
0
0
0
0
0
0
0
0
0
0
0
0
0
0
0.0718555
0.153294
0.24557
0.350094
0.468453
0.602424
0.754
0.925408
1.11913
1.33792
1.58484
1.86326
2.17687
2.5297
2.92612
3.3708
3.8687
4.42497
5.04485
5.73353
6.49587
7.33609
8.25727
9.26068
10.3449
11.5045
12.7284
13.9979
15.2829
16.5386
17.6996
18.6728
19.3273
19.4814
18.885
17.1955
13.946
8.50141
0
0
0
0
0
0
0
0
0
0
0
0
0
0
0
0
0
0
0
0
0
0
0
0
0
0
0
0.0803514
0.171416
0.274596
0.391468
0.523802
0.673585
0.843042
1.03466
1.2512
1.49576
1.77172
2.08285
2.43328
2.82748
3.27031
3.76697
4.32295
4.94398
5.63586
6.40431
7.25468
8.19158
9.21831
10.3362
11.5433
12.8337
14.1946
15.6048
17.0309
18.4226
19.707
20.7805
21.4979
21.6578
20.9834
19.0959
15.4792
9.43156
0
0
0
0
0
0
0
0
0
0
0
0
0
0
0
0
0
0
0
0
0
0
0
0
0
0
0
0.0884168
0.188617
0.302139
0.430715
0.576289
0.741042
0.927414
1.13813
1.37622
1.64507
1.94839
2.29029
2.67527
3.10824
3.59446
4.1396
4.74962
5.43071
6.18911
7.03098
7.96201
8.98705
10.1095
11.3305
12.6478
14.0542
15.5359
17.0691
18.6172
20.1255
21.5146
22.6725
23.442
23.6059
22.865
20.8087
16.8745
10.2912
0
0
0
0
0
0
0
0
0
0
0
0
0
0
0
0
0
0
0
0
0
0
0
0
0
0
0
0.0878545
0.187389
0.300122
0.427758
0.57221
0.735617
0.92037
1.12913
1.36486
1.63084
1.93067
2.26832
2.64811
3.07472
3.55317
4.08878
4.68712
5.35391
6.09487
6.91546
7.82065
8.81447
9.89939
11.0757
12.3402
13.6852
15.0964
16.5508
18.0131
19.4319
20.7336
21.8148
22.5314
22.6831
21.9913
20.0657
16.3534
10.0571
0
0
0
0
0
0
0
0
0
0
0
0
0
0
0
0
0
0
0
0
0
0
0
0
0
0
0
0
0
0
0
0
0
0
0
0
0
0
0
0
0
0
0
0
0
0
0
0
0
0
0
0
0
0
0
0
0
0
0
0
0
0
0
0
0
0
0
0
0
0
0
0
0
0
0
0
0
0
0
0
0
0
0
0
0
0
0
0
0
0
0
