0
0
0
0
0
0
0
0
0
0
0
0
0
0
0
0
0
0
2.84217e-14
6.39488e-14
9.9476e-14
1.42109e-13
1.7053e-13
1.13687e-13
4.54747e-13
4.54747e-13
1.36424e-12
9.09495e-13
0
1.81899e-12
3.63798e-12
3.63798e-12
0
0
0
6.03961e-14
1.56319e-13
2.27374e-13
3.41061e-13
4.54747e-13
4.54747e-13
1.13687e-12
1.36424e-12
1.81899e-12
9.09495e-13
1.81899e-12
3.63798e-12
3.63798e-12
7.27596e-12
1.45519e-11
0
0
1.13687e-13
2.70006e-13
3.97904e-13
5.11591e-13
6.82121e-13
7.95808e-13
1.59162e-12
1.81899e-12
2.27374e-12
0
0
3.63798e-12
3.63798e-12
7.27596e-12
1.45519e-11
0
0
1.56319e-13
3.69482e-13
5.68434e-13
7.38964e-13
9.09495e-13
1.13687e-12
2.27374e-12
1.81899e-12
1.81899e-12
0
0
3.63798e-12
3.63798e-12
1.09139e-11
1.45519e-11
0
0
2.27374e-13
5.11591e-13
7.95808e-13
1.08002e-12
1.36424e-12
1.81899e-12
2.50111e-12
2.72848e-12
1.36424e-12
9.09495e-13
0
1.81899e-12
3.63798e-12
1.09139e-11
7.27596e-12
0
0
3.41061e-13
7.38964e-13
1.13687e-12
1.53477e-12
1.81899e-12
2.50111e-12
2.72848e-12
3.18323e-12
1.81899e-12
9.09495e-13
1.81899e-12
3.63798e-12
3.63798e-12
1.09139e-11
1.45519e-11
0
0
4.54747e-13
9.66338e-13
1.47793e-12
1.81899e-12
2.16005e-12
2.72848e-12
2.50111e-12
2.27374e-12
1.81899e-12
0
0
0
0
0
0
0
0
6.82121e-13
1.36424e-12
1.93268e-12
2.16005e-12
2.50111e-12
2.72848e-12
2.04636e-12
1.81899e-12
0
0
0
0
0
0
0
0
0
9.09495e-13
1.81899e-12
2.50111e-12
2.95586e-12
2.95586e-12
3.18323e-12
2.27374e-12
1.81899e-12
0
0
0
0
0
0
0
0
0
9.09495e-13
2.04636e-12
2.95586e-12
3.18323e-12
3.18323e-12
2.72848e-12
2.27374e-12
9.09495e-13
0
0
0
0
0
0
0
0
0
9.09495e-13
2.27374e-12
3.63798e-12
3.18323e-12
3.18323e-12
3.18323e-12
9.09495e-13
0
0
0
0
0
0
0
0
0
0
0
0
0
0
0
0
0
0
0
0
0
0
0
0
0
0
