3.24471e-08
0
0
0
0
0
0
0
0
0
0
0
0
0
0
0
0
0
0
0
0
0
0
0
0
0
0
0
0
0
0
0
0
1.73946e-09
1.75097e-09
8.48531e-10
6.18141e-10
7.72583e-10
9.12063e-10
8.7724e-10
6.79854e-10
3.85247e-10
5.27347e-11
2.76586e-10
5.74666e-10
8.2048e-10
9.97119e-10
1.09123e-09
1.09377e-09
1.00143e-09
8.20044e-10
5.71923e-10
3.0969e-10
1.22327e-10
3.64011e-11
8.5052e-12
1.63425e-12
3.2685e-13
1.27898e-13
1.13687e-13
1.42109e-13
1.98952e-13
2.55795e-13
2.27374e-13
2.55795e-13
0
1.37579e-08
4.34697e-09
1.44439e-09
1.1821e-09
1.67423e-09
2.00353e-09
1.91298e-09
1.47176e-09
8.29083e-10
1.10111e-10
5.996e-10
1.24118e-09
1.76995e-09
2.1497e-09
2.35179e-09
2.35673e-09
2.1574e-09
1.76635e-09
1.23161e-09
6.66532e-10
2.63071e-10
7.82308e-11
1.82823e-11
3.48166e-12
6.53699e-13
2.13163e-13
1.98952e-13
2.55795e-13
3.97904e-13
4.83169e-13
3.69482e-13
4.54747e-13
0
2.76536e-09
6.83186e-10
1.90753e-10
1.45722e-09
2.7991e-09
3.38822e-09
3.17538e-09
2.40551e-09
1.33859e-09
1.6613e-10
9.83565e-10
2.02027e-09
2.87365e-09
3.48582e-09
3.81073e-09
3.81692e-09
3.49288e-09
2.85882e-09
1.99234e-09
1.07701e-09
4.24421e-10
1.2605e-10
2.94165e-11
5.59908e-12
1.02318e-12
3.12639e-13
3.12639e-13
3.55271e-13
5.11591e-13
6.53699e-13
4.83169e-13
5.40012e-13
0
8.87074e-09
5.67144e-09
2.79123e-09
1.8496e-09
4.55e-09
5.30258e-09
4.77164e-09
3.51858e-09
1.9176e-09
2.078e-10
1.45116e-09
2.94098e-09
4.16483e-09
5.04102e-09
5.50386e-09
5.50826e-09
5.03758e-09
4.12073e-09
2.86925e-09
1.54792e-09
6.08324e-10
1.803e-10
4.20073e-11
7.97229e-12
1.39266e-12
3.69482e-13
3.83693e-13
4.12115e-13
5.68434e-13
7.67386e-13
5.40012e-13
5.40012e-13
0
1.3023e-07
4.21533e-08
7.69993e-09
4.52363e-09
8.05599e-09
8.17229e-09
6.84061e-09
4.84416e-09
2.55811e-09
2.08662e-10
2.03859e-09
4.04524e-09
5.68867e-09
6.86152e-09
7.47629e-09
7.47241e-09
6.82727e-09
5.57953e-09
3.87951e-09
2.08613e-09
8.16222e-10
2.41137e-10
5.60476e-11
1.06013e-11
1.77636e-12
4.12115e-13
4.12115e-13
4.26326e-13
5.68434e-13
7.38964e-13
5.11591e-13
4.83169e-13
0
1.02126e-07
4.83175e-08
2.74548e-08
1.9385e-08
1.54148e-08
1.24049e-08
9.44496e-09
6.36735e-09
3.22026e-09
1.16811e-10
2.80452e-09
5.39519e-09
7.50816e-09
9.00894e-09
9.78608e-09
9.76152e-09
8.90567e-09
7.26784e-09
5.04247e-09
2.69789e-09
1.04841e-09
3.08233e-10
7.14309e-11
1.34435e-11
2.18847e-12
4.26326e-13
4.40536e-13
4.26326e-13
5.96856e-13
7.10543e-13
4.83169e-13
4.26326e-13
0
4.78255e-08
4.44143e-08
3.64332e-08
2.8612e-08
2.21547e-08
1.68591e-08
1.22375e-08
7.93396e-09
3.79698e-09
1.64947e-10
3.84441e-09
7.08448e-09
9.71326e-09
1.15675e-08
1.25097e-08
1.24421e-08
1.13269e-08
9.22471e-09
6.37965e-09
3.38753e-09
1.30291e-09
3.80311e-10
8.77804e-11
1.64562e-11
2.62901e-12
4.83169e-13
4.68958e-13
4.26326e-13
6.25278e-13
7.10543e-13
5.11591e-13
4.26326e-13
0
6.75855e-08
5.40579e-08
4.31488e-08
3.41923e-08
2.6736e-08
2.03402e-08
1.45983e-08
9.22065e-09
4.07919e-09
8.06443e-10
5.31213e-09
9.25569e-09
1.24347e-08
1.46547e-08
1.575e-08
1.5601e-08
1.41595e-08
1.14975e-08
7.91449e-09
4.15534e-09
1.57388e-09
4.54584e-10
1.0435e-10
1.94831e-11
3.08376e-12
5.40012e-13
5.11591e-13
4.26326e-13
6.53699e-13
6.82121e-13
5.40012e-13
4.26326e-13
0
4.88768e-08
4.33201e-08
3.82064e-08
3.3073e-08
2.76665e-08
2.1929e-08
1.59327e-08
9.81561e-09
3.74693e-09
2.08085e-09
7.45082e-09
1.21262e-08
1.58645e-08
1.84371e-08
1.9648e-08
1.93532e-08
1.74911e-08
1.41441e-08
9.67172e-09
4.99361e-09
1.84866e-09
5.25887e-10
1.19783e-10
2.22542e-11
3.49587e-12
6.11067e-13
5.11591e-13
4.26326e-13
6.53699e-13
6.82121e-13
5.96856e-13
4.54747e-13
0
1.04484e-08
2.28968e-08
2.89387e-08
2.9978e-08
2.74263e-08
2.25323e-08
1.62848e-08
9.4006e-09
2.38121e-09
4.40235e-09
1.06364e-08
1.60255e-08
2.02855e-08
2.31529e-08
2.43999e-08
2.38542e-08
2.14367e-08
1.72364e-08
1.16759e-08
5.87954e-09
2.10323e-09
5.85352e-10
1.31919e-10
2.43432e-11
3.78009e-12
6.53699e-13
5.11591e-13
4.26326e-13
5.96856e-13
5.96856e-13
5.96856e-13
4.54747e-13
0
8.32834e-08
6.79294e-08
5.49883e-08
4.3864e-08
3.39679e-08
2.48083e-08
1.60524e-08
7.55333e-09
6.59123e-10
8.41333e-09
1.54455e-08
2.14491e-08
2.61128e-08
2.91432e-08
3.02797e-08
2.93162e-08
2.61482e-08
2.08648e-08
1.39486e-08
6.76197e-09
2.29461e-09
6.18819e-10
1.37476e-10
2.51958e-11
3.89377e-12
6.82121e-13
4.54747e-13
3.97904e-13
5.68434e-13
5.40012e-13
5.68434e-13
5.11591e-13
0
8.36875e-08
6.75088e-08
5.36628e-08
4.1685e-08
3.10091e-08
2.10997e-08
1.15746e-08
2.27816e-09
6.71798e-09
1.5173e-08
2.27594e-08
2.91291e-08
3.39461e-08
3.68919e-08
3.76699e-08
3.60298e-08
3.1829e-08
2.51436e-08
1.65032e-08
7.53589e-09
2.34855e-09
6.05091e-10
1.31877e-10
2.39737e-11
3.68061e-12
6.53699e-13
3.83693e-13
3.69482e-13
4.83169e-13
4.26326e-13
5.11591e-13
4.83169e-13
0
2.23665e-08
3.36921e-09
8.27965e-09
1.32583e-08
1.26839e-08
7.94393e-09
4.90648e-10
8.35031e-09
1.7505e-08
2.61868e-08
3.38519e-08
4.01087e-08
4.46256e-08
4.70698e-08
4.70966e-08
4.43909e-08
3.87515e-08
3.02197e-08
1.93372e-08
7.99037e-09
2.13997e-09
5.15456e-10
1.09594e-10
1.97247e-11
3.02691e-12
5.25802e-13
2.84217e-13
2.84217e-13
3.97904e-13
3.12639e-13
4.26326e-13
4.54747e-13
0
1.54655e-07
1.14486e-07
7.94996e-08
4.98013e-08
2.51583e-08
5.06184e-09
1.11697e-08
2.42664e-08
3.48884e-08
4.3534e-08
5.04845e-08
5.57856e-08
5.92625e-08
6.05684e-08
5.92653e-08
5.49309e-08
4.72781e-08
3.62842e-08
2.24249e-08
7.69569e-09
1.4638e-09
3.18309e-10
6.57394e-11
1.17382e-11
1.80478e-12
3.12639e-13
1.7053e-13
1.7053e-13
2.55795e-13
1.98952e-13
2.55795e-13
2.55795e-13
0
4.19399e-08
4.34173e-08
4.56668e-08
4.85493e-08
5.19076e-08
5.55951e-08
5.94941e-08
6.35142e-08
6.75626e-08
7.1491e-08
7.50374e-08
7.77853e-08
7.91633e-08
7.84937e-08
7.50847e-08
6.8344e-08
5.78836e-08
4.35944e-08
2.57346e-08
5.73556e-09
0
0
0
0
0
0
0
0
0
0
0
0
0
2.33253e-07
2.06817e-07
1.82638e-07
1.61376e-07
1.4355e-07
1.29472e-07
1.19187e-07
1.12447e-07
1.08713e-07
1.07192e-07
1.06893e-07
1.06704e-07
1.05473e-07
1.02111e-07
9.56857e-08
8.55063e-08
7.11686e-08
5.25161e-08
2.93914e-08
0
0
0
0
0
0
0
0
0
0
0
0
0
0
9.82669e-08
1.05632e-07
1.12226e-07
1.18044e-07
1.23158e-07
1.27698e-07
1.31808e-07
1.35569e-07
1.38924e-07
1.41603e-07
1.43104e-07
1.42724e-07
1.3966e-07
1.33136e-07
1.22535e-07
1.07478e-07
8.78232e-08
6.35676e-08
3.45733e-08
0
0
0
0
0
0
0
0
0
0
0
0
0
0
9.89098e-08
1.04963e-07
1.1306e-07
1.23109e-07
1.34803e-07
1.47591e-07
1.60677e-07
1.73056e-07
1.83595e-07
1.91152e-07
1.94706e-07
1.93466e-07
1.86952e-07
1.74995e-07
1.57703e-07
1.35369e-07
1.08361e-07
7.69533e-08
4.10822e-08
0
0
0
0
0
0
0
0
0
0
0
0
0
0
4.56118e-08
1.37022e-08
7.08818e-08
1.24334e-07
1.72444e-07
2.13702e-07
2.46839e-07
2.70959e-07
2.85628e-07
2.90908e-07
2.87307e-07
2.75673e-07
2.5704e-07
2.32479e-07
2.02982e-07
1.69391e-07
1.3233e-07
9.20924e-08
4.84014e-08
0
0
0
0
0
0
0
0
0
0
0
0
0
0
1.20921e-06
1.12448e-06
1.03859e-06
9.52943e-07
8.68966e-07
7.88046e-07
7.11354e-07
6.39701e-07
5.73428e-07
5.12353e-07
4.55812e-07
4.02797e-07
3.52163e-07
3.02854e-07
2.54066e-07
2.05299e-07
1.56247e-07
1.06516e-07
5.51677e-08
0
0
0
0
0
0
0
0
0
0
0
0
0
0
6.89797e-07
6.98363e-07
7.03361e-07
7.03765e-07
6.9855e-07
6.86783e-07
6.67723e-07
6.40937e-07
6.06388e-07
5.645e-07
5.16158e-07
4.62643e-07
4.05497e-07
3.46347e-07
2.86707e-07
2.27787e-07
1.70298e-07
1.14221e-07
5.84367e-08
0
0
0
0
0
0
0
0
0
0
0
0
0
0
1.19226e-06
1.14212e-06
1.08809e-06
1.0303e-06
9.69002e-07
9.04534e-07
8.37334e-07
7.67926e-07
6.96914e-07
6.2497e-07
5.52828e-07
4.81276e-07
4.11138e-07
3.43244e-07
2.78358e-07
2.17063e-07
1.59585e-07
1.05524e-07
5.34269e-08
0
0
0
0
0
0
0
0
0
0
0
0
0
0
7.04012e-07
6.83568e-07
6.60439e-07
6.34409e-07
6.05308e-07
5.73024e-07
5.37542e-07
4.98966e-07
4.57555e-07
4.13736e-07
3.68119e-07
3.21483e-07
2.74732e-07
2.28832e-07
1.84701e-07
1.43084e-07
1.04392e-07
6.85006e-08
3.44682e-08
0
0
0
0
0
0
0
0
0
0
0
0
0
0
0
0
0
0
0
0
0
0
0
0
0
0
0
0
0
0
0
0
0
0
0
0
0
0
0
0
0
0
0
0
0
0
0
