0
0
0
0
0
0
0
0
0
0
0
0
0
0
0
0
0
0
0
0
0
0
0
0
0
0
0
0
0
0
0
0
0
0
0
0
0
0
0
0
0
0
0
0
0
0
0
0
0
0
0
0
0
0
0
0
0
0
0
0
0
0
0
0
0
0
4.44089e-16
4.44089e-16
8.88178e-16
4.44089e-16
8.88178e-16
8.88178e-16
1.33227e-15
1.33227e-15
2.22045e-15
1.77636e-15
1.33227e-15
2.22045e-15
2.66454e-15
2.66454e-15
4.44089e-15
3.9968e-15
3.10862e-15
4.88498e-15
5.32907e-15
5.32907e-15
7.99361e-15
7.99361e-15
7.10543e-15
7.10543e-15
7.10543e-15
1.06581e-14
1.24345e-14
1.06581e-14
1.42109e-14
1.77636e-14
2.13163e-14
1.77636e-14
2.13163e-14
4.26326e-14
2.84217e-14
7.10543e-14
4.26326e-14
2.84217e-14
5.68434e-14
1.42109e-13
5.68434e-14
1.13687e-13
5.68434e-14
2.27374e-13
3.41061e-13
3.41061e-13
5.68434e-13
9.09495e-13
6.82121e-13
1.13687e-12
1.81899e-12
2.27374e-12
0
6.36646e-12
9.09495e-13
9.09495e-12
3.63798e-12
7.27596e-12
1.81899e-11
1.09139e-11
1.45519e-11
5.09317e-11
1.45519e-11
0
0
4.44089e-16
4.44089e-16
8.88178e-16
8.88178e-16
1.33227e-15
1.77636e-15
1.77636e-15
2.66454e-15
3.9968e-15
3.10862e-15
3.10862e-15
3.9968e-15
4.88498e-15
5.32907e-15
7.99361e-15
7.54952e-15
6.66134e-15
9.76996e-15
1.06581e-14
1.15463e-14
1.42109e-14
1.59872e-14
1.5099e-14
1.5099e-14
1.59872e-14
1.95399e-14
2.13163e-14
2.13163e-14
3.19744e-14
3.90799e-14
4.26326e-14
3.55271e-14
4.9738e-14
7.81597e-14
5.68434e-14
1.56319e-13
8.52651e-14
5.68434e-14
1.13687e-13
2.55795e-13
2.84217e-14
1.7053e-13
1.13687e-13
5.11591e-13
6.82121e-13
7.95808e-13
1.13687e-12
2.04636e-12
2.04636e-12
2.27374e-12
3.18323e-12
4.09273e-12
4.54747e-13
1.27329e-11
0
1.63709e-11
9.09495e-12
1.63709e-11
2.91038e-11
1.45519e-11
3.27418e-11
8.73115e-11
2.91038e-11
0
0
8.88178e-16
1.33227e-15
1.77636e-15
1.33227e-15
2.22045e-15
2.66454e-15
3.10862e-15
3.55271e-15
5.32907e-15
5.32907e-15
5.77316e-15
7.10543e-15
8.43769e-15
9.76996e-15
1.19904e-14
1.19904e-14
1.11022e-14
1.55431e-14
1.68754e-14
1.95399e-14
2.22045e-14
2.39808e-14
2.39808e-14
2.57572e-14
2.4869e-14
3.37508e-14
3.73035e-14
3.73035e-14
4.61853e-14
6.39488e-14
7.10543e-14
6.03961e-14
7.81597e-14
1.13687e-13
9.9476e-14
2.55795e-13
1.27898e-13
9.9476e-14
1.98952e-13
3.41061e-13
2.84217e-14
2.84217e-13
1.7053e-13
7.38964e-13
1.13687e-12
1.13687e-12
1.7053e-12
2.95586e-12
3.86535e-12
3.63798e-12
5.91172e-12
6.82121e-12
1.81899e-12
1.72804e-11
9.09495e-13
2.72848e-11
1.63709e-11
2.72848e-11
3.63798e-11
1.81899e-11
5.45697e-11
1.23691e-10
5.09317e-11
0
0
1.33227e-15
2.22045e-15
2.66454e-15
2.22045e-15
2.66454e-15
3.55271e-15
4.44089e-15
5.32907e-15
6.66134e-15
7.10543e-15
7.99361e-15
9.76996e-15
1.15463e-14
1.37668e-14
1.55431e-14
1.68754e-14
1.68754e-14
2.22045e-14
2.30926e-14
2.66454e-14
2.93099e-14
3.19744e-14
3.37508e-14
3.73035e-14
3.73035e-14
4.61853e-14
5.15143e-14
5.50671e-14
6.75016e-14
8.52651e-14
8.88178e-14
8.52651e-14
1.13687e-13
1.49214e-13
1.49214e-13
3.41061e-13
1.84741e-13
1.56319e-13
3.41061e-13
5.11591e-13
1.42109e-13
5.11591e-13
2.84217e-13
9.66338e-13
1.7053e-12
1.47793e-12
2.04636e-12
3.63798e-12
5.22959e-12
4.77485e-12
8.18545e-12
8.6402e-12
2.72848e-12
2.09184e-11
2.72848e-12
3.63798e-11
2.18279e-11
3.45608e-11
4.72937e-11
1.81899e-11
7.27596e-11
1.67347e-10
6.54836e-11
0
0
1.77636e-15
1.77636e-15
2.22045e-15
3.10862e-15
3.9968e-15
4.88498e-15
6.21725e-15
6.66134e-15
8.43769e-15
9.76996e-15
1.11022e-14
1.33227e-14
1.55431e-14
1.82077e-14
2.08722e-14
2.22045e-14
2.44249e-14
3.01981e-14
3.01981e-14
3.4639e-14
3.81917e-14
4.17444e-14
4.61853e-14
4.88498e-14
5.50671e-14
6.21725e-14
7.28306e-14
7.81597e-14
9.23706e-14
1.13687e-13
1.1724e-13
1.13687e-13
1.49214e-13
1.91847e-13
1.98952e-13
4.26326e-13
2.41585e-13
2.41585e-13
4.54747e-13
7.10543e-13
2.55795e-13
7.38964e-13
4.54747e-13
1.19371e-12
2.38742e-12
1.81899e-12
2.50111e-12
4.3201e-12
6.82121e-12
5.68434e-12
1.00044e-11
1.13687e-11
2.27374e-12
2.45564e-11
6.36646e-12
4.54747e-11
2.72848e-11
4.18368e-11
6.91216e-11
2.54659e-11
9.09495e-11
2.25555e-10
8.73115e-11
0
0
2.22045e-15
2.22045e-15
3.55271e-15
4.44089e-15
5.32907e-15
5.77316e-15
7.10543e-15
8.88178e-15
1.11022e-14
1.28786e-14
1.55431e-14
1.77636e-14
2.04281e-14
2.39808e-14
2.79776e-14
3.01981e-14
3.37508e-14
3.90799e-14
3.9968e-14
4.52971e-14
4.9738e-14
5.41789e-14
6.12843e-14
6.30607e-14
7.4607e-14
7.99361e-14
9.59233e-14
1.06581e-13
1.20792e-13
1.45661e-13
1.49214e-13
1.52767e-13
1.98952e-13
2.41585e-13
2.55795e-13
5.11591e-13
3.12639e-13
3.55271e-13
6.25278e-13
9.37916e-13
4.54747e-13
1.02318e-12
7.38964e-13
1.64846e-12
3.29692e-12
2.38742e-12
3.29692e-12
5.22959e-12
8.41283e-12
7.27596e-12
1.36424e-11
1.50067e-11
3.63798e-12
2.81943e-11
1.18234e-11
5.63887e-11
3.81988e-11
5.45697e-11
8.73115e-11
4.00178e-11
1.16415e-10
2.76486e-10
1.16415e-10
0
0
2.22045e-15
3.9968e-15
5.32907e-15
6.21725e-15
7.54952e-15
8.43769e-15
9.76996e-15
1.19904e-14
1.46549e-14
1.68754e-14
1.9984e-14
2.35367e-14
2.66454e-14
3.01981e-14
3.59712e-14
3.90799e-14
4.39648e-14
4.9738e-14
5.24025e-14
5.77316e-14
6.39488e-14
6.92779e-14
7.63833e-14
8.08242e-14
9.59233e-14
9.9476e-14
1.20792e-13
1.36779e-13
1.56319e-13
1.81188e-13
1.88294e-13
1.98952e-13
2.70006e-13
2.98428e-13
3.2685e-13
6.11067e-13
4.26326e-13
4.83169e-13
7.67386e-13
1.13687e-12
5.96856e-13
1.3074e-12
1.13687e-12
2.16005e-12
4.20641e-12
3.18323e-12
4.09273e-12
6.59384e-12
1.06866e-11
9.32232e-12
1.68257e-11
1.86446e-11
5.45697e-12
3.27418e-11
1.81899e-11
6.73026e-11
4.91127e-11
6.36646e-11
1.09139e-10
5.45697e-11
1.45519e-10
3.4197e-10
1.60071e-10
0
0
2.66454e-15
4.88498e-15
6.66134e-15
7.10543e-15
8.88178e-15
1.06581e-14
1.28786e-14
1.59872e-14
1.90958e-14
2.13163e-14
2.4869e-14
2.93099e-14
3.33067e-14
3.77476e-14
4.39648e-14
4.79616e-14
5.41789e-14
6.03961e-14
6.30607e-14
6.83897e-14
7.81597e-14
8.70415e-14
9.41469e-14
1.00364e-13
1.1724e-13
1.22569e-13
1.45661e-13
1.65201e-13
1.91847e-13
2.16716e-13
2.38032e-13
2.55795e-13
3.2685e-13
3.69482e-13
3.83693e-13
6.82121e-13
5.68434e-13
5.96856e-13
9.37916e-13
1.39266e-12
7.67386e-13
1.59162e-12
1.59162e-12
2.50111e-12
5.11591e-12
3.97904e-12
4.88853e-12
7.50333e-12
1.27329e-11
1.09139e-11
2.00089e-11
2.13731e-11
9.54969e-12
3.81988e-11
2.45564e-11
7.63976e-11
6.18456e-11
7.82165e-11
1.30967e-10
6.91216e-11
1.81899e-10
3.92902e-10
2.11003e-10
0
0
3.10862e-15
5.32907e-15
7.99361e-15
9.76996e-15
1.19904e-14
1.42109e-14
1.68754e-14
2.04281e-14
2.39808e-14
2.70894e-14
3.10862e-14
3.55271e-14
4.17444e-14
4.75175e-14
5.32907e-14
5.86198e-14
6.57252e-14
7.28306e-14
7.81597e-14
8.34888e-14
9.50351e-14
1.05693e-13
1.13687e-13
1.2168e-13
1.38556e-13
1.5099e-13
1.75859e-13
1.98952e-13
2.30926e-13
2.52243e-13
2.8777e-13
3.12639e-13
3.90799e-13
4.33431e-13
4.54747e-13
7.67386e-13
7.24754e-13
7.24754e-13
1.13687e-12
1.64846e-12
9.9476e-13
1.98952e-12
2.10321e-12
3.0127e-12
6.25278e-12
5.11591e-12
5.57066e-12
8.41283e-12
1.47793e-11
1.29603e-11
2.36469e-11
2.54659e-11
1.31877e-11
4.45652e-11
2.91038e-11
8.91305e-11
7.82165e-11
9.64064e-11
1.52795e-10
9.09495e-11
2.11003e-10
4.51109e-10
2.61934e-10
0
0
3.55271e-15
6.21725e-15
8.88178e-15
1.06581e-14
1.33227e-14
1.55431e-14
1.86517e-14
2.39808e-14
2.88658e-14
3.19744e-14
3.68594e-14
4.26326e-14
4.9738e-14
5.68434e-14
6.39488e-14
7.01661e-14
7.81597e-14
8.70415e-14
9.23706e-14
1.02141e-13
1.12799e-13
1.24345e-13
1.35003e-13
1.45661e-13
1.63425e-13
1.79412e-13
2.06057e-13
2.36255e-13
2.70006e-13
2.94875e-13
3.41061e-13
3.69482e-13
4.61853e-13
4.90274e-13
5.18696e-13
8.66862e-13
8.95284e-13
9.23706e-13
1.33582e-12
1.90425e-12
1.27898e-12
2.38742e-12
2.6148e-12
3.41061e-12
7.16227e-12
6.0254e-12
6.13909e-12
9.32232e-12
1.7053e-11
1.5234e-11
2.72848e-11
2.95586e-11
1.72804e-11
5.09317e-11
3.36513e-11
1.00044e-10
9.45874e-11
1.16415e-10
1.74623e-10
1.23691e-10
2.47383e-10
5.02041e-10
3.0559e-10
0
0
4.44089e-15
7.99361e-15
1.15463e-14
1.42109e-14
1.68754e-14
1.95399e-14
2.35367e-14
2.84217e-14
3.33067e-14
3.77476e-14
4.35207e-14
4.9738e-14
5.77316e-14
6.57252e-14
7.4607e-14
8.26006e-14
9.05942e-14
9.9476e-14
1.10134e-13
1.19016e-13
1.3145e-13
1.45661e-13
1.58096e-13
1.72307e-13
1.9007e-13
2.07834e-13
2.38032e-13
2.70006e-13
3.09086e-13
3.33955e-13
3.87246e-13
4.26326e-13
5.32907e-13
5.40012e-13
5.82645e-13
9.37916e-13
1.03739e-12
1.08002e-12
1.47793e-12
2.07478e-12
1.50635e-12
2.72848e-12
3.06954e-12
3.63798e-12
7.95808e-12
6.9349e-12
6.59384e-12
1.02318e-11
1.8872e-11
1.77351e-11
2.95586e-11
3.36513e-11
2.00089e-11
5.63887e-11
3.54703e-11
1.09139e-10
1.0732e-10
1.34605e-10
1.89175e-10
1.45519e-10
2.76486e-10
5.45697e-10
3.4197e-10
0
0
5.77316e-15
1.02141e-14
1.42109e-14
1.68754e-14
1.9984e-14
2.35367e-14
2.79776e-14
3.37508e-14
3.9968e-14
4.57412e-14
5.19584e-14
5.90639e-14
6.75016e-14
7.72715e-14
8.70415e-14
9.59233e-14
1.05693e-13
1.18128e-13
1.28786e-13
1.40332e-13
1.52767e-13
1.68754e-13
1.85629e-13
2.02505e-13
2.22045e-13
2.45137e-13
2.73559e-13
3.10862e-13
3.55271e-13
3.83693e-13
4.47642e-13
4.9738e-13
6.18172e-13
6.18172e-13
6.75016e-13
1.02318e-12
1.19371e-12
1.26477e-12
1.7053e-12
2.33058e-12
1.87583e-12
3.12639e-12
3.52429e-12
4.09273e-12
8.75389e-12
7.95808e-12
7.38964e-12
1.13687e-11
2.13731e-11
2.0691e-11
3.31966e-11
3.7744e-11
2.50111e-11
6.27551e-11
3.81988e-11
1.23691e-10
1.23691e-10
1.58252e-10
2.18279e-10
1.70985e-10
3.20142e-10
6.03904e-10
4.00178e-10
0
0
5.32907e-15
8.43769e-15
1.24345e-14
1.59872e-14
2.04281e-14
2.53131e-14
3.19744e-14
3.81917e-14
4.61853e-14
5.32907e-14
6.12843e-14
6.83897e-14
7.72715e-14
8.70415e-14
9.85878e-14
1.09246e-13
1.2168e-13
1.35003e-13
1.46549e-13
1.59872e-13
1.75859e-13
1.94511e-13
2.14939e-13
2.34479e-13
2.55795e-13
2.80664e-13
3.12639e-13
3.51719e-13
4.01457e-13
4.40536e-13
5.08038e-13
5.64881e-13
6.89226e-13
6.89226e-13
7.53175e-13
1.10845e-12
1.35003e-12
1.44951e-12
1.90425e-12
2.50111e-12
2.16005e-12
3.52429e-12
3.97904e-12
4.60432e-12
9.43601e-12
8.6402e-12
8.07177e-12
1.22782e-11
2.31921e-11
2.29647e-11
3.68345e-11
4.09273e-11
2.95586e-11
7.00311e-11
4.09273e-11
1.38243e-10
1.34605e-10
1.76442e-10
2.51021e-10
2.00089e-10
3.6016e-10
6.54836e-10
4.51109e-10
0
0
5.77316e-15
9.32587e-15
1.46549e-14
1.86517e-14
2.39808e-14
3.01981e-14
3.73035e-14
4.44089e-14
5.32907e-14
6.03961e-14
6.75016e-14
7.72715e-14
8.79297e-14
1.00364e-13
1.12799e-13
1.24345e-13
1.37668e-13
1.53655e-13
1.68754e-13
1.82965e-13
2.03393e-13
2.23821e-13
2.46914e-13
2.6823e-13
2.96652e-13
3.21521e-13
3.55271e-13
4.01457e-13
4.54747e-13
5.00933e-13
5.79092e-13
6.39488e-13
7.67386e-13
7.81597e-13
8.59757e-13
1.19371e-12
1.47793e-12
1.62004e-12
2.16005e-12
2.70006e-12
2.47269e-12
3.86535e-12
4.37694e-12
5.11591e-12
1.02318e-11
9.43601e-12
9.09495e-12
1.3415e-11
2.47837e-11
2.52385e-11
4.04725e-11
4.41105e-11
3.41061e-11
7.7307e-11
4.54747e-11
1.52795e-10
1.45519e-10
1.96451e-10
2.83762e-10
2.25555e-10
4.03816e-10
7.05768e-10
5.02041e-10
0
0
5.32907e-15
9.76996e-15
1.5099e-14
2.04281e-14
2.57572e-14
3.10862e-14
3.73035e-14
4.52971e-14
5.41789e-14
6.39488e-14
7.4607e-14
8.52651e-14
9.85878e-14
1.1191e-13
1.26121e-13
1.4122e-13
1.57208e-13
1.73195e-13
1.89182e-13
2.08722e-13
2.30038e-13
2.54019e-13
2.78888e-13
3.05533e-13
3.33955e-13
3.62377e-13
4.01457e-13
4.51195e-13
5.11591e-13
5.61329e-13
6.39488e-13
7.17648e-13
8.3844e-13
8.66862e-13
9.59233e-13
1.27898e-12
1.59162e-12
1.76215e-12
2.359e-12
2.87059e-12
2.78533e-12
4.14957e-12
4.83169e-12
5.6275e-12
1.08002e-11
1.00044e-11
1.00044e-11
1.45519e-11
2.6148e-11
2.75122e-11
4.36557e-11
4.6839e-11
3.81988e-11
8.36735e-11
4.91127e-11
1.65528e-10
1.56433e-10
2.11003e-10
3.0559e-10
2.43745e-10
4.40195e-10
7.567e-10
5.52973e-10
0
0
4.44089e-15
9.76996e-15
1.5099e-14
2.04281e-14
2.66454e-14
3.28626e-14
4.08562e-14
5.06262e-14
6.12843e-14
7.10543e-14
8.26006e-14
9.68114e-14
1.11022e-13
1.2701e-13
1.43885e-13
1.58096e-13
1.77636e-13
1.98064e-13
2.15827e-13
2.37144e-13
2.62013e-13
2.8777e-13
3.14415e-13
3.44613e-13
3.76588e-13
4.12115e-13
4.54747e-13
5.04485e-13
5.64881e-13
6.25278e-13
7.03437e-13
7.88702e-13
9.166e-13
9.66338e-13
1.07292e-12
1.37845e-12
1.69109e-12
1.89004e-12
2.52953e-12
3.06954e-12
3.06954e-12
4.26326e-12
5.17275e-12
6.19593e-12
1.1255e-11
1.05729e-11
1.08002e-11
1.56888e-11
2.70575e-11
2.91038e-11
4.54747e-11
4.91127e-11
4.1382e-11
8.8221e-11
5.45697e-11
1.74623e-10
1.69166e-10
2.21917e-10
3.31056e-10
2.65572e-10
4.76575e-10
8.14907e-10
5.96629e-10
0
0
9.76996e-15
1.68754e-14
2.4869e-14
3.10862e-14
3.73035e-14
4.44089e-14
5.24025e-14
6.21725e-14
7.28306e-14
8.26006e-14
9.41469e-14
1.06581e-13
1.22569e-13
1.4122e-13
1.59872e-13
1.79412e-13
2.01617e-13
2.22933e-13
2.44249e-13
2.70006e-13
2.98428e-13
3.2685e-13
3.55271e-13
3.90799e-13
4.26326e-13
4.67182e-13
5.1692e-13
5.64881e-13
6.32383e-13
6.96332e-13
7.81597e-13
8.73968e-13
1.00187e-12
1.06581e-12
1.20792e-12
1.49214e-12
1.80478e-12
2.06057e-12
2.70006e-12
3.29692e-12
3.38218e-12
4.60432e-12
5.57066e-12
6.82121e-12
1.18234e-11
1.1255e-11
1.15961e-11
1.72804e-11
2.81943e-11
3.09228e-11
4.8658e-11
5.13865e-11
4.63842e-11
9.27685e-11
6.00267e-11
1.89175e-10
1.81899e-10
2.31012e-10
3.6016e-10
2.83762e-10
5.12955e-10
8.73115e-10
6.33008e-10
0
0
1.06581e-14
2.04281e-14
2.84217e-14
3.73035e-14
4.52971e-14
5.41789e-14
6.39488e-14
7.4607e-14
8.52651e-14
9.50351e-14
1.05693e-13
1.2168e-13
1.39444e-13
1.58984e-13
1.803e-13
2.02505e-13
2.25597e-13
2.50466e-13
2.77112e-13
3.03757e-13
3.33955e-13
3.6593e-13
3.9968e-13
4.35207e-13
4.7784e-13
5.20473e-13
5.7554e-13
6.32383e-13
6.99885e-13
7.74492e-13
8.59757e-13
9.66338e-13
1.08713e-12
1.16529e-12
1.32161e-12
1.59162e-12
1.91847e-12
2.18847e-12
2.84217e-12
3.43903e-12
3.60956e-12
4.77485e-12
5.85487e-12
7.27596e-12
1.21645e-11
1.15961e-11
1.20508e-11
1.84173e-11
2.88765e-11
3.27418e-11
5.09317e-11
5.22959e-11
4.95675e-11
9.54969e-11
6.45741e-11
2.00089e-10
1.87356e-10
2.3465e-10
3.74712e-10
2.874e-10
5.31145e-10
9.09495e-10
6.40284e-10
0
0
1.15463e-14
2.13163e-14
3.10862e-14
3.81917e-14
4.70735e-14
5.68434e-14
6.75016e-14
7.90479e-14
9.41469e-14
1.0747e-13
1.22569e-13
1.4122e-13
1.6076e-13
1.82965e-13
2.06057e-13
2.2915e-13
2.55795e-13
2.84217e-13
3.10862e-13
3.39284e-13
3.71259e-13
4.05009e-13
4.40536e-13
4.7784e-13
5.27578e-13
5.7554e-13
6.32383e-13
6.96332e-13
7.63833e-13
8.49099e-13
9.30811e-13
1.0445e-12
1.15108e-12
1.25056e-12
1.42109e-12
1.66267e-12
1.98952e-12
2.28795e-12
2.92744e-12
3.46745e-12
3.75167e-12
4.94538e-12
6.0254e-12
7.56017e-12
1.21645e-11
1.18234e-11
1.21645e-11
1.8872e-11
2.91038e-11
3.36513e-11
5.13865e-11
5.18412e-11
5.18412e-11
9.64064e-11
6.73026e-11
2.03727e-10
1.87356e-10
2.3465e-10
3.7835e-10
2.94676e-10
5.38421e-10
9.16771e-10
6.25732e-10
0
0
8.88178e-15
1.95399e-14
2.84217e-14
3.55271e-14
4.44089e-14
5.68434e-14
7.10543e-14
8.88178e-14
1.06581e-13
1.24345e-13
1.43885e-13
1.65201e-13
1.86517e-13
2.11386e-13
2.36255e-13
2.59348e-13
2.85993e-13
3.14415e-13
3.42837e-13
3.73035e-13
4.08562e-13
4.45866e-13
4.86722e-13
5.29354e-13
5.82645e-13
6.37712e-13
6.96332e-13
7.67386e-13
8.34888e-13
9.20153e-13
1.00542e-12
1.10845e-12
1.22213e-12
1.33582e-12
1.51346e-12
1.71951e-12
2.04636e-12
2.37321e-12
2.95586e-12
3.46745e-12
3.86535e-12
5.05906e-12
6.13909e-12
7.95808e-12
1.22782e-11
1.22782e-11
1.25056e-11
1.93268e-11
2.88765e-11
3.41061e-11
5.13865e-11
5.0477e-11
5.36602e-11
9.45874e-11
6.82121e-11
2.05546e-10
1.87356e-10
2.3465e-10
3.81988e-10
2.98314e-10
5.42059e-10
9.16771e-10
6.18456e-10
0
0
1.24345e-14
2.30926e-14
3.37508e-14
4.26326e-14
5.50671e-14
6.57252e-14
7.99361e-14
9.76996e-14
1.1724e-13
1.33227e-13
1.54543e-13
1.75859e-13
1.98952e-13
2.25597e-13
2.55795e-13
2.85993e-13
3.17968e-13
3.49942e-13
3.8014e-13
4.15668e-13
4.56524e-13
4.9738e-13
5.38236e-13
5.86198e-13
6.37712e-13
7.03437e-13
7.70939e-13
8.45546e-13
9.166e-13
1.00187e-12
1.08713e-12
1.19371e-12
1.30029e-12
1.42109e-12
1.59162e-12
1.77636e-12
2.089e-12
2.44427e-12
2.95586e-12
3.52429e-12
3.97904e-12
5.17275e-12
6.30962e-12
8.18545e-12
1.21645e-11
1.26192e-11
1.23919e-11
1.95541e-11
2.88765e-11
3.45608e-11
5.09317e-11
4.95675e-11
5.54792e-11
9.27685e-11
6.82121e-11
2.03727e-10
1.85537e-10
2.32831e-10
3.81988e-10
3.01952e-10
5.34783e-10
8.94943e-10
6.1118e-10
0
0
2.13163e-14
3.90799e-14
5.15143e-14
6.21725e-14
7.4607e-14
8.52651e-14
1.01252e-13
1.19016e-13
1.40332e-13
1.58096e-13
1.79412e-13
2.00728e-13
2.25597e-13
2.52243e-13
2.82441e-13
3.10862e-13
3.4639e-13
3.81917e-13
4.15668e-13
4.52971e-13
4.95604e-13
5.45342e-13
5.91527e-13
6.43041e-13
6.99885e-13
7.67386e-13
8.41993e-13
9.20153e-13
9.91207e-13
1.07292e-12
1.16529e-12
1.26477e-12
1.35714e-12
1.49214e-12
1.63425e-12
1.81899e-12
2.11742e-12
2.45848e-12
2.89901e-12
3.46745e-12
3.95062e-12
5.05906e-12
6.30962e-12
8.18545e-12
1.18234e-11
1.27329e-11
1.22782e-11
1.90994e-11
2.7967e-11
3.36513e-11
4.8658e-11
4.72937e-11
5.54792e-11
8.91305e-11
6.63931e-11
1.9827e-10
1.8008e-10
2.27374e-10
3.71074e-10
2.98314e-10
5.12955e-10
8.51287e-10
5.89353e-10
0
0
1.77636e-14
3.55271e-14
5.32907e-14
6.57252e-14
8.34888e-14
1.01252e-13
1.20792e-13
1.42109e-13
1.63425e-13
1.77636e-13
1.97176e-13
2.20268e-13
2.4869e-13
2.78888e-13
3.16192e-13
3.55271e-13
3.97904e-13
4.3876e-13
4.74287e-13
5.13367e-13
5.57776e-13
6.07514e-13
6.60805e-13
7.14095e-13
7.81597e-13
8.49099e-13
9.20153e-13
9.9476e-13
1.07647e-12
1.15463e-12
1.25056e-12
1.33582e-12
1.42109e-12
1.55609e-12
1.67688e-12
1.86162e-12
2.11742e-12
2.45848e-12
2.81375e-12
3.38218e-12
3.89377e-12
4.88853e-12
6.19593e-12
8.01492e-12
1.13687e-11
1.23919e-11
1.21645e-11
1.84173e-11
2.68301e-11
3.25144e-11
4.59295e-11
4.502e-11
5.45697e-11
8.4583e-11
6.27551e-11
1.90994e-10
1.74623e-10
2.20098e-10
3.52884e-10
2.874e-10
4.87489e-10
8.00355e-10
5.60249e-10
0
0
2.13163e-14
3.73035e-14
5.32907e-14
6.57252e-14
8.34888e-14
9.9476e-14
1.1724e-13
1.42109e-13
1.66978e-13
1.88294e-13
2.13163e-13
2.45137e-13
2.80664e-13
3.16192e-13
3.55271e-13
3.94351e-13
4.40536e-13
4.90274e-13
5.3646e-13
5.79092e-13
6.32383e-13
6.82121e-13
7.38964e-13
7.95808e-13
8.70415e-13
9.41469e-13
1.01963e-12
1.09424e-12
1.17595e-12
1.25766e-12
1.34293e-12
1.4353e-12
1.51346e-12
1.62714e-12
1.73372e-12
1.89004e-12
2.11742e-12
2.44427e-12
2.70006e-12
3.24007e-12
3.78009e-12
4.718e-12
5.96856e-12
7.61702e-12
1.08002e-11
1.20508e-11
1.20508e-11
1.77351e-11
2.6148e-11
3.09228e-11
4.3201e-11
4.36557e-11
5.45697e-11
7.9126e-11
6.09361e-11
1.83718e-10
1.70985e-10
2.11003e-10
3.31056e-10
2.80124e-10
4.54747e-10
7.42148e-10
5.45697e-10
0
0
2.4869e-14
4.26326e-14
6.75016e-14
8.52651e-14
1.03029e-13
1.20792e-13
1.42109e-13
1.66978e-13
1.95399e-13
2.23821e-13
2.55795e-13
2.91323e-13
3.2685e-13
3.6593e-13
4.08562e-13
4.54747e-13
5.08038e-13
5.61329e-13
6.07514e-13
6.57252e-13
7.10543e-13
7.67386e-13
8.2423e-13
8.84626e-13
9.62785e-13
1.04095e-12
1.1191e-12
1.19726e-12
1.27898e-12
1.35714e-12
1.44951e-12
1.52056e-12
1.5774e-12
1.66978e-12
1.74794e-12
1.91847e-12
2.089e-12
2.37321e-12
2.55795e-12
2.98428e-12
3.49587e-12
4.43379e-12
5.51381e-12
6.99174e-12
9.89075e-12
1.10276e-11
1.1255e-11
1.63709e-11
2.41016e-11
2.77396e-11
3.81988e-11
4.00178e-11
5.18412e-11
7.18501e-11
5.54792e-11
1.70985e-10
1.60071e-10
1.94632e-10
2.98314e-10
2.61934e-10
4.07454e-10
6.76664e-10
5.16593e-10
0
0
2.84217e-14
4.9738e-14
7.81597e-14
1.03029e-13
1.3145e-13
1.56319e-13
1.81188e-13
2.13163e-13
2.45137e-13
2.77112e-13
3.16192e-13
3.55271e-13
3.90799e-13
4.29878e-13
4.76064e-13
5.25802e-13
5.79092e-13
6.32383e-13
6.82121e-13
7.28306e-13
7.88702e-13
8.52651e-13
9.20153e-13
9.91207e-13
1.07292e-12
1.14753e-12
1.23634e-12
1.3145e-12
1.38556e-12
1.45661e-12
1.54898e-12
1.60583e-12
1.64135e-12
1.7053e-12
1.76215e-12
1.89004e-12
2.03215e-12
2.24532e-12
2.38742e-12
2.67164e-12
3.15481e-12
4.03588e-12
4.94538e-12
6.19593e-12
8.75389e-12
9.77707e-12
1.00044e-11
1.47793e-11
2.13731e-11
2.45564e-11
3.36513e-11
3.54703e-11
4.63842e-11
6.27551e-11
4.82032e-11
1.52795e-10
1.45519e-10
1.69166e-10
2.61934e-10
2.40107e-10
3.52884e-10
5.96629e-10
4.65661e-10
0
0
3.19744e-14
6.03961e-14
9.59233e-14
1.20792e-13
1.45661e-13
1.74083e-13
2.02505e-13
2.30926e-13
2.62901e-13
2.84217e-13
3.16192e-13
3.58824e-13
4.08562e-13
4.65405e-13
5.29354e-13
5.93303e-13
6.64357e-13
7.31859e-13
7.8515e-13
8.41993e-13
9.05942e-13
9.80549e-13
1.0516e-12
1.12266e-12
1.20792e-12
1.27898e-12
1.36424e-12
1.4424e-12
1.51346e-12
1.58451e-12
1.66267e-12
1.71241e-12
1.73372e-12
1.76215e-12
1.80478e-12
1.89004e-12
1.98952e-12
2.10321e-12
2.18847e-12
2.359e-12
2.75691e-12
3.52429e-12
4.3201e-12
5.34328e-12
7.27596e-12
8.29914e-12
8.86757e-12
1.29603e-11
1.79625e-11
2.09184e-11
2.86491e-11
3.00133e-11
4.09273e-11
5.54792e-11
4.27463e-11
1.30967e-10
1.29148e-10
1.45519e-10
2.29193e-10
2.11003e-10
2.98314e-10
5.16593e-10
4.07454e-10
0
0
3.55271e-14
7.81597e-14
1.06581e-13
1.35003e-13
1.7053e-13
2.13163e-13
2.62901e-13
2.98428e-13
3.33955e-13
3.55271e-13
3.76588e-13
4.12115e-13
4.54747e-13
5.18696e-13
5.8975e-13
6.6791e-13
7.53175e-13
8.2423e-13
8.95284e-13
9.66338e-13
1.03739e-12
1.12266e-12
1.19371e-12
1.27898e-12
1.36424e-12
1.45661e-12
1.54188e-12
1.60583e-12
1.66978e-12
1.73372e-12
1.78346e-12
1.81899e-12
1.8332e-12
1.8332e-12
1.84741e-12
1.87583e-12
1.91847e-12
1.9611e-12
1.9611e-12
1.9611e-12
2.27374e-12
2.89901e-12
3.52429e-12
4.43379e-12
5.91172e-12
6.59384e-12
7.16227e-12
1.09139e-11
1.43245e-11
1.7053e-11
2.31921e-11
2.36469e-11
3.36513e-11
4.54747e-11
3.54703e-11
1.05501e-10
1.0732e-10
1.16415e-10
1.92813e-10
1.78261e-10
2.47383e-10
4.07454e-10
3.34694e-10
0
0
3.55271e-14
7.81597e-14
9.9476e-14
1.20792e-13
1.49214e-13
1.98952e-13
2.62901e-13
3.19744e-13
3.90799e-13
4.47642e-13
5.04485e-13
5.7554e-13
6.32383e-13
6.96332e-13
7.60281e-13
8.31335e-13
9.09495e-13
9.80549e-13
1.0516e-12
1.12266e-12
1.20792e-12
1.30029e-12
1.37135e-12
1.46372e-12
1.55609e-12
1.64846e-12
1.74083e-12
1.81899e-12
1.86873e-12
1.91847e-12
1.94689e-12
1.9611e-12
1.93268e-12
1.91847e-12
1.87583e-12
1.87583e-12
1.80478e-12
1.76215e-12
1.62004e-12
1.44951e-12
1.64846e-12
2.10321e-12
2.50111e-12
3.18323e-12
4.09273e-12
4.54747e-12
5.00222e-12
7.7307e-12
1.00044e-11
1.18234e-11
1.63709e-11
1.63709e-11
2.45564e-11
3.27418e-11
2.54659e-11
7.82165e-11
7.63976e-11
8.36735e-11
1.34605e-10
1.27329e-10
1.70985e-10
2.83762e-10
2.40107e-10
0
0
3.55271e-14
8.52651e-14
1.27898e-13
1.63425e-13
2.13163e-13
2.77112e-13
3.48166e-13
4.12115e-13
4.90274e-13
5.68434e-13
6.39488e-13
7.10543e-13
7.88702e-13
8.73968e-13
9.59233e-13
1.0516e-12
1.15108e-12
1.25056e-12
1.33582e-12
1.41398e-12
1.49214e-12
1.58451e-12
1.66267e-12
1.74083e-12
1.8332e-12
1.93268e-12
2.02505e-12
2.10321e-12
2.14584e-12
2.17426e-12
2.18847e-12
2.17426e-12
2.11742e-12
2.04636e-12
1.94689e-12
1.87583e-12
1.73372e-12
1.53477e-12
1.19371e-12
8.52651e-13
9.09495e-13
1.13687e-12
1.36424e-12
1.81899e-12
2.27374e-12
2.38742e-12
2.72848e-12
4.09273e-12
5.45697e-12
6.59384e-12
9.09495e-12
8.6402e-12
1.36424e-11
1.81899e-11
1.45519e-11
4.18368e-11
4.36557e-11
4.91127e-11
7.27596e-11
7.63976e-11
9.45874e-11
1.52795e-10
1.38243e-10
0
0
8.52651e-14
1.42109e-13
1.98952e-13
2.70006e-13
3.41061e-13
4.12115e-13
4.83169e-13
5.82645e-13
6.82121e-13
7.81597e-13
8.95284e-13
9.9476e-13
1.09424e-12
1.20792e-12
1.3074e-12
1.42109e-12
1.53477e-12
1.63425e-12
1.71951e-12
1.80478e-12
1.90425e-12
1.98952e-12
2.07478e-12
2.13163e-12
2.21689e-12
2.30216e-12
2.38742e-12
2.45848e-12
2.47269e-12
2.4869e-12
2.50111e-12
2.45848e-12
2.34479e-12
2.2311e-12
2.089e-12
1.87583e-12
1.62004e-12
1.27898e-12
6.25278e-13
0
0
0
0
0
0
0
0
0
0
0
0
0
0
0
0
0
0
0
0
0
0
0
0
0
0
1.27898e-13
2.13163e-13
2.84217e-13
3.55271e-13
4.54747e-13
5.68434e-13
6.82121e-13
8.10019e-13
9.23706e-13
1.03739e-12
1.12266e-12
1.19371e-12
1.27898e-12
1.37845e-12
1.47793e-12
1.5774e-12
1.73372e-12
1.89004e-12
2.01794e-12
2.14584e-12
2.27374e-12
2.37321e-12
2.4869e-12
2.55795e-12
2.67164e-12
2.77112e-12
2.84217e-12
2.8848e-12
2.8848e-12
2.87059e-12
2.87059e-12
2.78533e-12
2.67164e-12
2.47269e-12
2.24532e-12
1.98952e-12
1.64846e-12
1.0516e-12
0
0
0
0
0
0
0
0
0
0
0
0
0
0
0
0
0
0
0
0
0
0
0
0
0
0
0
1.84741e-13
2.84217e-13
3.69482e-13
3.83693e-13
4.26326e-13
4.83169e-13
5.40012e-13
6.11067e-13
6.82121e-13
7.67386e-13
8.52651e-13
9.52127e-13
1.10845e-12
1.27898e-12
1.4353e-12
1.60583e-12
1.81899e-12
2.03215e-12
2.20268e-12
2.359e-12
2.52953e-12
2.67164e-12
2.82796e-12
2.94165e-12
3.09797e-12
3.21165e-12
3.32534e-12
3.39639e-12
3.39639e-12
3.38218e-12
3.35376e-12
3.24007e-12
3.06954e-12
2.81375e-12
2.50111e-12
2.13163e-12
1.62004e-12
9.9476e-13
0
0
0
0
0
0
0
0
0
0
0
0
0
0
0
0
0
0
0
0
0
0
0
0
0
0
0
3.12639e-13
4.83169e-13
6.53699e-13
8.2423e-13
9.9476e-13
1.13687e-12
1.27898e-12
1.44951e-12
1.64846e-12
1.79057e-12
1.90425e-12
2.04636e-12
2.18847e-12
2.33058e-12
2.52953e-12
2.70006e-12
2.89901e-12
3.09797e-12
3.2685e-12
3.38218e-12
3.52429e-12
3.63798e-12
3.72324e-12
3.78009e-12
3.89377e-12
4.00746e-12
4.09273e-12
4.14957e-12
4.09273e-12
4.09273e-12
4.03588e-12
3.83693e-12
3.60956e-12
3.2685e-12
2.92744e-12
2.41585e-12
1.84741e-12
1.02318e-12
0
0
0
0
0
0
0
0
0
0
0
0
0
0
0
0
0
0
0
0
0
0
0
0
0
0
0
3.97904e-13
5.68434e-13
6.82121e-13
7.67386e-13
8.52651e-13
9.09495e-13
9.9476e-13
1.08002e-12
1.25056e-12
1.33582e-12
1.47793e-12
1.62004e-12
1.87583e-12
2.16005e-12
2.47269e-12
2.70006e-12
2.98428e-12
3.24007e-12
3.43903e-12
3.60956e-12
3.80851e-12
3.97904e-12
4.17799e-12
4.34852e-12
4.54747e-12
4.74643e-12
4.88853e-12
5.00222e-12
5.00222e-12
4.9738e-12
4.88853e-12
4.68958e-12
4.34852e-12
3.9222e-12
3.41061e-12
2.81375e-12
2.04636e-12
1.13687e-12
0
0
0
0
0
0
0
0
0
0
0
0
0
0
0
0
0
0
0
0
0
0
0
0
0
0
0
4.54747e-13
6.82121e-13
8.52651e-13
9.66338e-13
1.13687e-12
1.3074e-12
1.47793e-12
1.64846e-12
1.90425e-12
2.13163e-12
2.38742e-12
2.64322e-12
2.95586e-12
3.29692e-12
3.60956e-12
3.95062e-12
4.3201e-12
4.718e-12
5.03064e-12
5.25802e-12
5.51381e-12
5.74119e-12
5.94014e-12
6.08225e-12
6.25278e-12
6.36646e-12
6.42331e-12
6.45173e-12
6.30962e-12
6.16751e-12
5.88329e-12
5.59908e-12
5.14433e-12
4.66116e-12
4.09273e-12
3.41061e-12
2.50111e-12
1.36424e-12
0
0
0
0
0
0
0
0
0
0
0
0
0
0
0
0
0
0
0
0
0
0
0
0
0
0
0
5.11591e-13
6.82121e-13
9.09495e-13
1.02318e-12
1.25056e-12
1.53477e-12
1.98952e-12
2.44427e-12
2.89901e-12
3.29692e-12
3.75167e-12
4.20641e-12
4.66116e-12
5.22959e-12
5.74119e-12
6.19593e-12
6.65068e-12
6.99174e-12
7.16227e-12
7.38964e-12
7.56017e-12
7.78755e-12
7.84439e-12
8.01492e-12
8.18545e-12
8.12861e-12
8.12861e-12
8.01492e-12
7.84439e-12
7.61702e-12
7.3328e-12
6.87805e-12
6.30962e-12
5.74119e-12
4.94538e-12
4.03588e-12
2.95586e-12
1.64846e-12
0
0
0
0
0
0
0
0
0
0
0
0
0
0
0
0
0
0
0
0
0
0
0
0
0
0
0
5.11591e-13
7.95808e-13
1.08002e-12
1.25056e-12
1.53477e-12
1.81899e-12
2.21689e-12
2.67164e-12
3.12639e-12
3.52429e-12
3.9222e-12
4.43379e-12
4.88853e-12
5.40012e-12
5.85487e-12
6.25278e-12
6.65068e-12
6.99174e-12
7.16227e-12
7.44649e-12
7.7307e-12
8.07177e-12
8.2423e-12
8.58336e-12
8.98126e-12
9.32232e-12
9.60654e-12
9.60654e-12
9.43601e-12
9.20863e-12
8.81073e-12
8.2423e-12
7.50333e-12
6.70752e-12
5.74119e-12
4.77485e-12
3.46745e-12
1.93268e-12
0
0
0
0
0
0
0
0
0
0
0
0
0
0
0
0
0
0
0
0
0
0
0
0
0
0
0
8.52651e-13
1.13687e-12
1.36424e-12
1.53477e-12
1.87583e-12
2.21689e-12
2.67164e-12
3.18323e-12
3.69482e-12
3.9222e-12
4.3201e-12
4.77485e-12
5.40012e-12
6.19593e-12
6.82121e-12
7.44649e-12
8.01492e-12
8.6402e-12
9.09495e-12
9.43601e-12
9.9476e-12
1.0516e-11
1.09139e-11
1.1255e-11
1.15961e-11
1.17666e-11
1.19371e-11
1.18803e-11
1.17666e-11
1.14824e-11
1.11982e-11
1.0516e-11
9.54969e-12
8.46967e-12
7.16227e-12
5.79803e-12
4.20641e-12
2.27374e-12
0
0
0
0
0
0
0
0
0
0
0
0
0
0
0
0
0
0
0
0
0
0
0
0
0
0
0
1.02318e-12
1.7053e-12
2.27374e-12
2.6148e-12
3.29692e-12
3.97904e-12
4.54747e-12
5.11591e-12
6.0254e-12
6.82121e-12
7.61702e-12
8.6402e-12
9.32232e-12
1.02318e-11
1.1255e-11
1.22782e-11
1.31877e-11
1.39835e-11
1.44382e-11
1.47793e-11
1.51203e-11
1.54614e-11
1.55751e-11
1.58025e-11
1.60298e-11
1.60298e-11
1.59162e-11
1.56888e-11
1.5234e-11
1.46656e-11
1.40972e-11
1.31877e-11
1.18234e-11
1.03455e-11
8.75389e-12
7.16227e-12
5.22959e-12
2.95586e-12
0
0
0
0
0
0
0
0
0
0
0
0
0
0
0
0
0
0
0
0
0
0
0
0
0
0
0
1.02318e-12
1.36424e-12
1.47793e-12
1.25056e-12
1.25056e-12
1.36424e-12
1.7053e-12
2.04636e-12
2.95586e-12
3.75167e-12
4.54747e-12
5.45697e-12
6.25278e-12
7.27596e-12
8.18545e-12
9.43601e-12
1.05729e-11
1.15961e-11
1.22782e-11
1.3074e-11
1.38698e-11
1.45519e-11
1.50067e-11
1.55751e-11
1.63709e-11
1.7053e-11
1.75078e-11
1.77351e-11
1.75078e-11
1.71667e-11
1.6712e-11
1.58025e-11
1.43245e-11
1.25056e-11
1.04592e-11
8.52651e-12
6.13909e-12
3.41061e-12
0
0
0
0
0
0
0
0
0
0
0
0
0
0
0
0
0
0
0
0
0
0
0
0
0
0
0
1.47793e-12
2.16005e-12
2.95586e-12
3.52429e-12
4.09273e-12
4.77485e-12
5.57066e-12
6.36646e-12
7.50333e-12
8.29914e-12
9.20863e-12
1.02318e-11
1.10276e-11
1.19371e-11
1.28466e-11
1.38698e-11
1.4893e-11
1.60298e-11
1.7053e-11
1.80762e-11
1.92131e-11
2.02363e-11
2.10321e-11
2.19416e-11
2.29647e-11
2.35332e-11
2.39879e-11
2.41016e-11
2.38742e-11
2.34195e-11
2.251e-11
2.10321e-11
1.90994e-11
1.69393e-11
1.44382e-11
1.17097e-11
8.75389e-12
4.77485e-12
0
0
0
0
0
0
0
0
0
0
0
0
0
0
0
0
0
0
0
0
0
0
0
0
0
0
0
2.04636e-12
3.41061e-12
4.54747e-12
5.45697e-12
6.59384e-12
7.95808e-12
9.54969e-12
1.15961e-11
1.31877e-11
1.40972e-11
1.5234e-11
1.61435e-11
1.77351e-11
1.93268e-11
2.11458e-11
2.251e-11
2.4329e-11
2.59206e-11
2.68301e-11
2.75122e-11
2.81943e-11
2.86491e-11
2.88765e-11
2.91038e-11
3.00133e-11
3.02407e-11
3.06954e-11
3.06954e-11
3.06954e-11
3.02407e-11
2.95586e-11
2.7967e-11
2.52385e-11
2.22826e-11
1.8872e-11
1.50067e-11
1.09139e-11
6.13909e-12
0
0
0
0
0
0
0
0
0
0
0
0
0
0
0
0
0
0
0
0
0
0
0
0
0
0
0
2.95586e-12
5.00222e-12
6.13909e-12
7.04858e-12
8.18545e-12
9.32232e-12
1.09139e-11
1.27329e-11
1.50067e-11
1.68257e-11
1.84173e-11
2.02363e-11
2.20552e-11
2.41016e-11
2.6148e-11
2.7967e-11
3.00133e-11
3.13776e-11
3.20597e-11
3.29692e-11
3.43334e-11
3.54703e-11
3.63798e-11
3.70619e-11
3.81988e-11
3.88809e-11
3.93356e-11
3.93356e-11
3.86535e-11
3.7744e-11
3.66072e-11
3.47882e-11
3.18323e-11
2.86491e-11
2.50111e-11
2.0691e-11
1.50067e-11
8.18545e-12
0
0
0
0
0
0
0
0
0
0
0
0
0
0
0
0
0
0
0
0
0
0
0
0
0
0
0
2.72848e-12
4.3201e-12
5.45697e-12
5.45697e-12
6.13909e-12
7.27596e-12
8.86757e-12
1.09139e-11
1.3415e-11
1.5234e-11
1.72804e-11
1.95541e-11
2.13731e-11
2.38742e-11
2.63753e-11
2.84217e-11
3.11502e-11
3.31966e-11
3.47882e-11
3.66072e-11
3.84262e-11
4.04725e-11
4.22915e-11
4.36557e-11
4.57021e-11
4.72937e-11
4.84306e-11
4.91127e-11
4.8658e-11
4.77485e-11
4.61569e-11
4.29736e-11
3.86535e-11
3.43334e-11
2.93312e-11
2.36469e-11
1.68257e-11
8.86757e-12
0
0
0
0
0
0
0
0
0
0
0
0
0
0
0
0
0
0
0
0
0
0
0
0
0
0
0
3.63798e-12
5.00222e-12
6.36646e-12
7.27596e-12
9.09495e-12
1.18234e-11
1.45519e-11
1.77351e-11
2.09184e-11
2.36469e-11
2.63753e-11
2.95586e-11
3.27418e-11
3.63798e-11
4.00178e-11
4.3201e-11
4.63842e-11
4.91127e-11
5.13865e-11
5.36602e-11
5.54792e-11
5.77529e-11
5.91172e-11
5.95719e-11
6.09361e-11
6.13909e-11
6.13909e-11
6.13909e-11
6.04814e-11
5.91172e-11
5.68434e-11
5.27507e-11
4.77485e-11
4.18368e-11
3.54703e-11
2.86491e-11
2.09184e-11
1.18234e-11
0
0
0
0
0
0
0
0
0
0
0
0
0
0
0
0
0
0
0
0
0
0
0
0
0
0
0
5.91172e-12
9.54969e-12
1.40972e-11
1.68257e-11
2.04636e-11
2.41016e-11
2.68301e-11
3.00133e-11
3.31966e-11
3.63798e-11
3.91083e-11
4.18368e-11
4.45652e-11
4.6839e-11
4.95675e-11
5.27507e-11
5.68434e-11
6.09361e-11
6.41194e-11
6.68479e-11
7.00311e-11
7.32143e-11
7.54881e-11
7.77618e-11
8.0945e-11
8.23093e-11
8.32188e-11
8.2764e-11
8.04903e-11
7.7307e-11
7.32143e-11
6.68479e-11
5.91172e-11
5.0477e-11
4.18368e-11
3.31966e-11
2.36469e-11
1.27329e-11
0
0
0
0
0
0
0
0
0
0
0
0
0
0
0
0
0
0
0
0
0
0
0
0
0
0
0
0
0
0
0
0
0
0
0
0
0
0
0
0
0
0
0
0
0
0
0
0
0
0
0
0
0
0
0
0
0
0
0
0
0
0
0
0
0
0
0
0
0
0
0
0
0
0
0
0
0
0
0
0
0
0
0
0
0
0
0
0
0
0
0
