0.000326679
0
0
0
0
0
0
0
0
0
0
0
0
0
0
0
0
0
0
0
0
0
0
0
0
0
0
0
0
0
0
0
0
0
0
0
0
0
0
0
0
0
0
0
0
0
0
0
0
0
0
0
0
0
0
0
0
0
0
0
0
0
0
0
0
3.49599e+145
3.33249e+145
3.17667e+145
3.02817e+145
2.88667e+145
2.75182e+145
2.62333e+145
2.5009e+145
2.38426e+145
2.27313e+145
2.16727e+145
2.06643e+145
1.97038e+145
1.87889e+145
1.79176e+145
1.70877e+145
1.62971e+145
1.55439e+145
1.48261e+145
1.41417e+145
1.34884e+145
1.28642e+145
1.22667e+145
1.16931e+145
1.11407e+145
1.06061e+145
1.00854e+145
9.57412e+144
9.0669e+144
8.55748e+144
8.03851e+144
7.50148e+144
6.93679e+144
6.33404e+144
5.68288e+144
4.97475e+144
4.20625e+144
3.38505e+144
2.53894e+144
1.72546e+144
1.03015e+144
5.29251e+143
2.32407e+143
8.73111e+142
2.81077e+142
7.74214e+141
1.8148e+141
3.59001e+140
5.93373e+139
8.1099e+138
9.07441e+137
8.23696e+136
6.01668e+135
3.51215e+134
1.62884e+133
5.97262e+131
1.7247e+130
3.90958e+128
6.93901e+126
9.62335e+124
1.04115e+123
8.77607e+120
5.75775e+118
2.9378e+116
0
7.49705e+145
7.14643e+145
6.81227e+145
6.49383e+145
6.19037e+145
5.9012e+145
5.62565e+145
5.36311e+145
5.11297e+145
4.87467e+145
4.64765e+145
4.4314e+145
4.22542e+145
4.02923e+145
3.84237e+145
3.6644e+145
3.49487e+145
3.33335e+145
3.17942e+145
3.03264e+145
2.89255e+145
2.75869e+145
2.63055e+145
2.50756e+145
2.3891e+145
2.27445e+145
2.16279e+145
2.05314e+145
1.94437e+145
1.83512e+145
1.72383e+145
1.60867e+145
1.48757e+145
1.35831e+145
1.21867e+145
1.06681e+145
9.02012e+144
7.25908e+144
5.4446e+144
3.70012e+144
2.20906e+144
1.13492e+144
4.98366e+143
1.87226e+143
6.02729e+142
1.66018e+142
3.89157e+141
7.69822e+140
1.2724e+140
1.73904e+139
1.94587e+138
1.76629e+137
1.29018e+136
7.53127e+134
3.49279e+133
1.28074e+132
3.69835e+130
8.38348e+128
1.48796e+127
2.06358e+125
2.23258e+123
1.88189e+121
1.23466e+119
6.29965e+116
0
1.21075e+146
1.15412e+146
1.10016e+146
1.04873e+146
9.99724e+145
9.53024e+145
9.08525e+145
8.66125e+145
8.25728e+145
7.87243e+145
7.5058e+145
7.15657e+145
6.82391e+145
6.50708e+145
6.2053e+145
5.91788e+145
5.64409e+145
5.38325e+145
5.13466e+145
4.89761e+145
4.67138e+145
4.45519e+145
4.24824e+145
4.04962e+145
3.85831e+145
3.67316e+145
3.49282e+145
3.31575e+145
3.14008e+145
2.96366e+145
2.78392e+145
2.59793e+145
2.40237e+145
2.19362e+145
1.9681e+145
1.72286e+145
1.4567e+145
1.1723e+145
8.79264e+144
5.97535e+144
3.56736e+144
1.83272e+144
8.0477e+143
3.02332e+143
9.73278e+142
2.68083e+142
6.28402e+141
1.24309e+141
2.05463e+140
2.80816e+139
3.14214e+138
2.85216e+137
2.08336e+136
1.21613e+135
5.64008e+133
2.0681e+132
5.97201e+130
1.35375e+129
2.40273e+127
3.33222e+125
3.60512e+123
3.03883e+121
1.9937e+119
1.01725e+117
0
1.74513e+146
1.66351e+146
1.58573e+146
1.5116e+146
1.44096e+146
1.37365e+146
1.30951e+146
1.2484e+146
1.19017e+146
1.1347e+146
1.08186e+146
1.03152e+146
9.83572e+145
9.37904e+145
8.94408e+145
8.52979e+145
8.13517e+145
7.7592e+145
7.40089e+145
7.05921e+145
6.73313e+145
6.42153e+145
6.12324e+145
5.83695e+145
5.5612e+145
5.29433e+145
5.0344e+145
4.77917e+145
4.52597e+145
4.27168e+145
4.01261e+145
3.74454e+145
3.46265e+145
3.16176e+145
2.83671e+145
2.48322e+145
2.09959e+145
1.68966e+145
1.26729e+145
8.61208e+144
5.14135e+144
2.64126e+144
1.15978e+144
4.35692e+143
1.40258e+143
3.86329e+142
9.05573e+141
1.79138e+141
2.96088e+140
4.04676e+139
4.52805e+138
4.11017e+137
3.00227e+136
1.75253e+135
8.12775e+133
2.98028e+132
8.60609e+130
1.95084e+129
3.4625e+127
4.80196e+125
5.19523e+123
4.37918e+121
2.87306e+119
1.46593e+117
0
2.36757e+146
2.25684e+146
2.15132e+146
2.05075e+146
1.95492e+146
1.8636e+146
1.77658e+146
1.69367e+146
1.61468e+146
1.53942e+146
1.46773e+146
1.39944e+146
1.33439e+146
1.27243e+146
1.21342e+146
1.15722e+146
1.10368e+146
1.05267e+146
1.00406e+146
9.57705e+145
9.13466e+145
8.71192e+145
8.30724e+145
7.91883e+145
7.54472e+145
7.18266e+145
6.83003e+145
6.48375e+145
6.14024e+145
5.79524e+145
5.44377e+145
5.08008e+145
4.69764e+145
4.28943e+145
3.84843e+145
3.36885e+145
2.84839e+145
2.29223e+145
1.71919e+145
1.16827e+145
6.97413e+144
3.58262e+144
1.57306e+144
5.9093e+143
1.90228e+143
5.23964e+142
1.22819e+142
2.42957e+141
4.0157e+140
5.48844e+139
6.14118e+138
5.57443e+137
4.07184e+136
2.37688e+135
1.10233e+134
4.04202e+132
1.16721e+131
2.64584e+129
4.69603e+127
6.51269e+125
7.04606e+123
5.93928e+121
3.89661e+119
1.98818e+117
0
3.09561e+146
2.95083e+146
2.81286e+146
2.68137e+146
2.55607e+146
2.43666e+146
2.32289e+146
2.21448e+146
2.1112e+146
2.0128e+146
1.91906e+146
1.82977e+146
1.74472e+146
1.66371e+146
1.58655e+146
1.51306e+146
1.44306e+146
1.37637e+146
1.31281e+146
1.2522e+146
1.19436e+146
1.13909e+146
1.08617e+146
1.03539e+146
9.86473e+145
9.39133e+145
8.93025e+145
8.47749e+145
8.02834e+145
7.57724e+145
7.11769e+145
6.64214e+145
6.1421e+145
5.60835e+145
5.03173e+145
4.40466e+145
3.72413e+145
2.99692e+145
2.24765e+145
1.5273e+145
9.11675e+144
4.68291e+144
2.05604e+144
7.7233e+143
2.48617e+143
6.8478e+142
1.60514e+142
3.17523e+141
5.24815e+140
7.17289e+139
8.02596e+138
7.28527e+137
5.32151e+136
3.10636e+135
1.44064e+134
5.28255e+132
1.52543e+131
3.45787e+129
6.13728e+127
8.51148e+125
9.20854e+123
7.76209e+121
5.09251e+119
2.59837e+117
0
3.9501e+146
3.76536e+146
3.5893e+146
3.42152e+146
3.26163e+146
3.10927e+146
2.96408e+146
2.82575e+146
2.69396e+146
2.5684e+146
2.44879e+146
2.33485e+146
2.22632e+146
2.12295e+146
2.02449e+146
1.93072e+146
1.8414e+146
1.75629e+146
1.67519e+146
1.59785e+146
1.52404e+146
1.45351e+146
1.38599e+146
1.32119e+146
1.25877e+146
1.19836e+146
1.13952e+146
1.08175e+146
1.02443e+146
9.66871e+145
9.08229e+145
8.47547e+145
7.83738e+145
7.15628e+145
6.42047e+145
5.62028e+145
4.75185e+145
3.82387e+145
2.86772e+145
1.9485e+145
1.16297e+145
5.97306e+144
2.62223e+144
9.84951e+143
3.17049e+143
8.73248e+142
2.04689e+142
4.04908e+141
6.69247e+140
9.14689e+139
1.02347e+139
9.2902e+137
6.78601e+136
3.96124e+135
1.83711e+134
6.73633e+132
1.94523e+131
4.40949e+129
7.82628e+127
1.08539e+126
1.17428e+124
9.89824e+121
6.49398e+119
3.31345e+117
0
4.95589e+146
4.72411e+146
4.50322e+146
4.29271e+146
4.09211e+146
3.90096e+146
3.71881e+146
3.54526e+146
3.3799e+146
3.22237e+146
3.0723e+146
2.92935e+146
2.79319e+146
2.6635e+146
2.53998e+146
2.42232e+146
2.31026e+146
2.20348e+146
2.10173e+146
2.0047e+146
1.91209e+146
1.8236e+146
1.73889e+146
1.65758e+146
1.57927e+146
1.50348e+146
1.42966e+146
1.35717e+146
1.28526e+146
1.21304e+146
1.13947e+146
1.06333e+146
9.83271e+145
8.97815e+145
8.05495e+145
7.05096e+145
5.96134e+145
4.79698e+145
3.59729e+145
2.44397e+145
1.45848e+145
7.48957e+144
3.28756e+144
1.23475e+144
3.97436e+143
1.09463e+143
2.56578e+142
5.07548e+141
8.38893e+140
1.14655e+140
1.28291e+139
1.16451e+138
8.50618e+136
4.96537e+135
2.3028e+134
8.4439e+132
2.43832e+131
5.52723e+129
9.81014e+127
1.36052e+126
1.47194e+124
1.24073e+122
8.14012e+119
4.15336e+117
0
6.14256e+146
5.85528e+146
5.5815e+146
5.32059e+146
5.07195e+146
4.83503e+146
4.60926e+146
4.39416e+146
4.18921e+146
3.99396e+146
3.80795e+146
3.63077e+146
3.46201e+146
3.30126e+146
3.14816e+146
3.00234e+146
2.86343e+146
2.7311e+146
2.60497e+146
2.48471e+146
2.36993e+146
2.26025e+146
2.15525e+146
2.05447e+146
1.95741e+146
1.86346e+146
1.77197e+146
1.68212e+146
1.59299e+146
1.50347e+146
1.41228e+146
1.31791e+146
1.21867e+146
1.11275e+146
9.98315e+145
8.73866e+145
7.38803e+145
5.94472e+145
4.45761e+145
3.02803e+145
1.80666e+145
9.27554e+144
4.07078e+144
1.52872e+144
4.92023e+143
1.35509e+143
3.17624e+142
6.28301e+141
1.03847e+141
1.41933e+140
1.58813e+139
1.44156e+138
1.05299e+137
6.14667e+135
2.85065e+134
1.04528e+133
3.01842e+131
6.84221e+129
1.21441e+128
1.6842e+126
1.82213e+124
1.53591e+122
1.00767e+120
5.14148e+117
0
7.54537e+146
7.19249e+146
6.85618e+146
6.53569e+146
6.23027e+146
5.93923e+146
5.66191e+146
5.39768e+146
5.14592e+146
4.90608e+146
4.6776e+146
4.45995e+146
4.25264e+146
4.05519e+146
3.86712e+146
3.68799e+146
3.51737e+146
3.35481e+146
3.19988e+146
3.05214e+146
2.91115e+146
2.77642e+146
2.64744e+146
2.52364e+146
2.40441e+146
2.28901e+146
2.17661e+146
2.06625e+146
1.95675e+146
1.84679e+146
1.73476e+146
1.61883e+146
1.49692e+146
1.3668e+146
1.22622e+146
1.07334e+146
9.07408e+145
7.30091e+145
5.47392e+145
3.71769e+145
2.21753e+145
1.13816e+145
4.99385e+144
1.87505e+144
6.0343e+143
1.66184e+143
3.89513e+142
7.70501e+141
1.2735e+141
1.74054e+140
1.94754e+139
1.76781e+138
1.29129e+137
7.53775e+135
3.4958e+134
1.28184e+133
3.70154e+131
8.3907e+129
1.48924e+128
2.06536e+126
2.2345e+124
1.88351e+122
1.23572e+120
6.30508e+117
0
9.20637e+146
8.77581e+146
8.36547e+146
7.97442e+146
7.60177e+146
7.24666e+146
6.9083e+146
6.58589e+146
6.27872e+146
5.98608e+146
5.7073e+146
5.44174e+146
5.1888e+146
4.94787e+146
4.7184e+146
4.49984e+146
4.29165e+146
4.09331e+146
3.90427e+146
3.72401e+146
3.55198e+146
3.38758e+146
3.23021e+146
3.07916e+146
2.93367e+146
2.79286e+146
2.65572e+146
2.52105e+146
2.38745e+146
2.25326e+146
2.11656e+146
1.9751e+146
1.82635e+146
1.66757e+146
1.49602e+146
1.30946e+146
1.10697e+146
8.90577e+145
6.67615e+145
4.53304e+145
2.70286e+145
1.38671e+145
6.08239e+144
2.28326e+144
7.34702e+143
2.02322e+143
4.74201e+142
9.38011e+141
1.55036e+141
2.11893e+140
2.37093e+139
2.15212e+138
1.57201e+137
9.17641e+135
4.25576e+134
1.5605e+133
4.50623e+131
1.02148e+130
1.813e+128
2.51435e+126
2.72027e+124
2.29298e+122
1.50436e+120
7.67577e+117
0
1.11757e+147
1.06531e+147
1.01549e+147
9.68025e+146
9.22788e+146
8.79681e+146
8.38606e+146
7.9947e+146
7.62182e+146
7.26657e+146
6.92816e+146
6.60579e+146
6.29874e+146
6.00627e+146
5.72772e+146
5.4624e+146
5.20968e+146
4.9689e+146
4.73942e+146
4.5206e+146
4.31176e+146
4.1122e+146
3.92115e+146
3.73778e+146
3.56117e+146
3.39023e+146
3.22374e+146
3.06025e+146
2.89806e+146
2.73516e+146
2.5692e+146
2.39747e+146
2.21687e+146
2.0241e+146
1.81583e+146
1.58931e+146
1.34346e+146
1.08071e+146
8.09982e+145
5.49781e+145
3.2765e+145
1.68012e+145
7.36613e+144
2.76433e+144
8.89345e+143
2.44885e+143
5.73936e+142
1.13527e+142
1.87638e+141
2.56451e+140
2.8695e+139
2.60468e+138
1.90259e+137
1.11061e+136
5.15069e+134
1.88866e+133
5.45382e+131
1.23628e+130
2.19424e+128
3.04309e+126
3.29231e+124
2.77516e+122
1.82071e+120
9.28987e+117
0
1.35133e+147
1.28813e+147
1.2279e+147
1.1705e+147
1.11581e+147
1.06368e+147
1.01402e+147
9.66692e+146
9.21605e+146
8.7865e+146
8.3773e+146
7.9875e+146
7.61622e+146
7.26258e+146
6.92575e+146
6.60494e+146
6.29935e+146
6.0082e+146
5.73072e+146
5.46612e+146
5.21359e+146
4.97228e+146
4.74126e+146
4.51954e+146
4.30597e+146
4.09926e+146
3.89794e+146
3.70024e+146
3.5041e+146
3.30711e+146
3.10642e+146
2.89873e+146
2.68033e+146
2.44719e+146
2.19531e+146
1.92135e+146
1.62398e+146
1.30617e+146
9.78697e+145
6.63997e+145
3.95458e+145
2.02641e+145
8.8792e+144
3.33083e+144
1.07135e+144
2.94966e+143
6.91272e+142
1.36734e+142
2.25991e+141
3.08869e+140
3.45601e+139
3.13706e+138
2.29146e+137
1.33761e+136
6.20345e+134
2.27468e+133
6.56855e+131
1.48897e+130
2.64273e+128
3.66507e+126
3.96523e+124
3.34238e+122
2.19285e+120
1.11887e+118
0
1.62907e+147
1.55288e+147
1.48027e+147
1.41108e+147
1.34514e+147
1.2823e+147
1.22243e+147
1.16538e+147
1.11102e+147
1.05924e+147
1.00991e+147
9.62916e+146
9.18156e+146
8.75524e+146
8.34918e+146
7.96243e+146
7.59402e+146
7.24303e+146
6.90851e+146
6.58952e+146
6.28508e+146
5.99416e+146
5.71565e+146
5.44833e+146
5.19085e+146
4.94165e+146
4.69892e+146
4.46056e+146
4.22409e+146
3.98657e+146
3.7446e+146
3.49418e+146
3.23084e+146
2.94973e+146
2.64599e+146
2.31562e+146
1.957e+146
1.57369e+146
1.17873e+146
7.99232e+145
4.75589e+145
2.43476e+145
1.06603e+145
3.9969e+144
1.2852e+144
3.53788e+143
8.29063e+142
1.63983e+142
2.71026e+141
3.70417e+140
4.14468e+139
3.76217e+138
2.74807e+137
1.60415e+136
7.4396e+134
2.72795e+133
7.87744e+131
1.78567e+130
3.16934e+128
4.3954e+126
4.75537e+124
4.00841e+122
2.62981e+120
1.34182e+118
0
1.95935e+147
1.86771e+147
1.78038e+147
1.69716e+147
1.61785e+147
1.54227e+147
1.47026e+147
1.40164e+147
1.33627e+147
1.27399e+147
1.21465e+147
1.15814e+147
1.1043e+147
1.05302e+147
1.00419e+147
9.57668e+146
9.13358e+146
8.71141e+146
8.30907e+146
7.92539e+146
7.55921e+146
7.20929e+146
6.8743e+146
6.55276e+146
6.24305e+146
5.9433e+146
5.65133e+146
5.36461e+146
5.08015e+146
4.79444e+146
4.50334e+146
4.20209e+146
3.88528e+146
3.54708e+146
3.18163e+146
2.78412e+146
2.35257e+146
1.89129e+146
1.41596e+146
9.59323e+145
5.70201e+145
2.91558e+145
1.27527e+145
4.77816e+144
1.5358e+144
4.22685e+143
9.90421e+142
1.95891e+142
3.23756e+141
4.42482e+140
4.95102e+139
4.49409e+138
3.2827e+137
1.91623e+136
8.88695e+134
3.25867e+133
9.40997e+131
2.13307e+130
3.78593e+128
5.25051e+126
5.68051e+124
4.78823e+122
3.14144e+120
1.60287e+118
0
2.35242e+147
2.2424e+147
2.13755e+147
2.03763e+147
1.94241e+147
1.85167e+147
1.76521e+147
1.68283e+147
1.60434e+147
1.52956e+147
1.45832e+147
1.39047e+147
1.32583e+147
1.26427e+147
1.20563e+147
1.14978e+147
1.09658e+147
1.04589e+147
9.97584e+146
9.51517e+146
9.07551e+146
8.65537e+146
8.25314e+146
7.86707e+146
7.49519e+146
7.13525e+146
6.78466e+146
6.44036e+146
6.09877e+146
5.75567e+146
5.40609e+146
5.0443e+146
4.66382e+146
4.25761e+146
3.81866e+146
3.34113e+146
2.82268e+146
2.26842e+146
1.69727e+146
1.14872e+146
6.81754e+145
3.48042e+145
1.52034e+145
5.6913e+144
1.82835e+144
5.03067e+143
1.17862e+143
2.33102e+142
3.85248e+141
5.26518e+140
5.8913e+139
5.34759e+138
3.90614e+137
2.28015e+136
1.05747e+135
3.87754e+133
1.11971e+132
2.53817e+130
4.50494e+128
6.24766e+126
6.75933e+124
5.69759e+122
3.73804e+120
1.90728e+118
0
2.82056e+147
2.68865e+147
2.56293e+147
2.44313e+147
2.32896e+147
2.22016e+147
2.1165e+147
2.01772e+147
1.92361e+147
1.83395e+147
1.74854e+147
1.66717e+147
1.58968e+147
1.51586e+147
1.44555e+147
1.37858e+147
1.31479e+147
1.25402e+147
1.19609e+147
1.14086e+147
1.08814e+147
1.03776e+147
9.89525e+146
9.4323e+146
8.98635e+146
8.55472e+146
8.13427e+146
7.72137e+146
7.3117e+146
6.9002e+146
6.48092e+146
6.04698e+146
5.59058e+146
5.10329e+146
4.57667e+146
4.00371e+146
3.38154e+146
2.71631e+146
2.03077e+146
1.37257e+146
8.12996e+145
4.14176e+145
1.80614e+145
6.75333e+144
2.16808e+144
5.96333e+143
1.39691e+143
2.76254e+142
4.56552e+141
6.23964e+140
6.98161e+139
6.33727e+138
4.62904e+137
2.70214e+136
1.25318e+135
4.59515e+133
1.32693e+132
3.00791e+130
5.33866e+128
7.40391e+126
8.01027e+124
6.75204e+122
4.42984e+120
2.26025e+118
0
3.37857e+147
3.22056e+147
3.06997e+147
2.92646e+147
2.78971e+147
2.65939e+147
2.53521e+147
2.41689e+147
2.30416e+147
2.19677e+147
2.09445e+147
1.99699e+147
1.90416e+147
1.81574e+147
1.73152e+147
1.6513e+147
1.57489e+147
1.50208e+147
1.4327e+147
1.36653e+147
1.30337e+147
1.24302e+147
1.18524e+147
1.12978e+147
1.07635e+147
1.02464e+147
9.74263e+146
9.2479e+146
8.75703e+146
8.26394e+146
7.76151e+146
7.24146e+146
6.69447e+146
6.11041e+146
5.47913e+146
4.79219e+146
4.0461e+146
3.2482e+146
2.42587e+146
1.63668e+146
9.66928e+145
4.91249e+145
2.13746e+145
7.98019e+144
2.55971e+144
7.03736e+143
1.64815e+143
3.25911e+142
5.38599e+141
7.36086e+140
8.23612e+139
7.47598e+138
5.46081e+137
3.18767e+136
1.47835e+135
5.42083e+133
1.56536e+132
3.54838e+130
6.29793e+128
8.73428e+126
9.44959e+124
7.96528e+122
5.22581e+120
2.66639e+118
0
4.04424e+147
3.85509e+147
3.67484e+147
3.50305e+147
3.33935e+147
3.18336e+147
3.03471e+147
2.89308e+147
2.75814e+147
2.62958e+147
2.50711e+147
2.39044e+147
2.27932e+147
2.17347e+147
2.07265e+147
1.97663e+147
1.88515e+147
1.798e+147
1.71494e+147
1.63572e+147
1.56012e+147
1.48786e+147
1.41869e+147
1.35228e+147
1.28832e+147
1.2264e+147
1.16608e+147
1.10684e+147
1.04806e+147
9.89007e+146
9.28833e+146
8.66544e+146
8.01022e+146
7.3105e+146
6.5541e+146
5.73083e+146
4.83643e+146
3.87968e+146
2.89351e+146
1.9476e+146
1.14669e+146
5.80492e+145
2.51843e+145
9.38426e+144
3.00669e+144
8.26144e+143
1.93431e+143
3.82453e+142
6.32011e+141
8.63734e+140
9.66433e+139
8.77236e+138
6.40774e+137
3.74043e+136
1.73471e+135
6.36082e+133
1.8368e+132
4.16369e+130
7.39002e+128
1.02488e+127
1.10882e+125
9.34649e+122
6.132e+120
3.12875e+118
0
4.83909e+147
4.61277e+147
4.39709e+147
4.19154e+147
3.99566e+147
3.80901e+147
3.63115e+147
3.46168e+147
3.30021e+147
3.14639e+147
2.99984e+147
2.86024e+147
2.72727e+147
2.60062e+147
2.47998e+147
2.36508e+147
2.25562e+147
2.15133e+147
2.05193e+147
1.95713e+147
1.86665e+147
1.78019e+147
1.6974e+147
1.61793e+147
1.54137e+147
1.46725e+147
1.39505e+147
1.32414e+147
1.25377e+147
1.18307e+147
1.11102e+147
1.03643e+147
9.57957e+146
8.74144e+146
7.83523e+146
6.84863e+146
5.77642e+146
4.62903e+146
3.44617e+146
2.31241e+146
1.35535e+146
6.82901e+145
2.95155e+145
1.09705e+145
3.50982e+144
9.63676e+143
2.25555e+143
4.45902e+142
7.36819e+141
1.00695e+141
1.12667e+140
1.02268e+139
7.4701e+137
4.36057e+136
2.02231e+135
7.4154e+133
2.14133e+132
4.854e+130
8.61524e+128
1.1948e+127
1.29265e+125
1.08961e+123
7.14864e+120
3.64748e+118
0
5.78923e+147
5.51848e+147
5.26045e+147
5.01454e+147
4.7802e+147
4.5569e+147
4.34411e+147
4.14137e+147
3.9482e+147
3.76416e+147
3.58884e+147
3.42182e+147
3.26274e+147
3.11121e+147
2.96688e+147
2.8294e+147
2.69844e+147
2.57366e+147
2.45473e+147
2.3413e+147
2.23304e+147
2.12957e+147
2.0305e+147
1.9354e+147
1.84377e+147
1.75507e+147
1.66865e+147
1.58376e+147
1.49952e+147
1.41487e+147
1.3286e+147
1.23928e+147
1.14529e+147
1.04488e+147
9.36292e+146
8.18024e+146
6.89435e+146
5.51763e+146
4.098e+146
2.73849e+146
1.59549e+146
7.98943e+145
3.43614e+145
1.27302e+145
4.06527e+144
1.11513e+144
2.60889e+143
5.15659e+142
8.52022e+141
1.16435e+141
1.30277e+140
1.18253e+139
8.6377e+137
5.04213e+136
2.3384e+135
8.57444e+133
2.47602e+132
5.61269e+130
9.96182e+128
1.38155e+127
1.4947e+125
1.25992e+123
8.26599e+120
4.21758e+118
0
6.92653e+147
6.60258e+147
6.29386e+147
5.99964e+147
5.71927e+147
5.45209e+147
5.1975e+147
4.95492e+147
4.7238e+147
4.5036e+147
4.29383e+147
4.094e+147
3.90366e+147
3.72235e+147
3.54965e+147
3.38515e+147
3.22845e+147
3.07913e+147
2.93681e+147
2.80108e+147
2.67152e+147
2.54769e+147
2.42912e+147
2.31529e+147
2.20562e+147
2.09943e+147
1.99597e+147
1.89433e+147
1.79345e+147
1.69208e+147
1.58875e+147
1.48174e+147
1.36912e+147
1.24878e+147
1.11858e+147
9.76717e+146
8.22377e+146
6.57024e+146
4.86457e+146
3.23296e+146
1.86854e+146
9.2806e+145
3.96596e+145
1.46319e+145
4.6615e+144
1.27714e+144
2.98628e+143
5.90113e+142
9.74952e+141
1.3323e+141
1.49067e+140
1.35307e+139
9.88342e+137
5.7693e+136
2.67564e+135
9.81104e+133
2.83311e+132
6.42214e+130
1.13985e+129
1.5808e+127
1.71026e+125
1.44162e+123
9.45809e+120
4.82584e+118
0
8.29003e+147
7.90232e+147
7.53282e+147
7.18069e+147
6.84512e+147
6.52534e+147
6.22063e+147
5.93029e+147
5.65367e+147
5.39012e+147
5.13904e+147
4.89986e+147
4.67203e+147
4.45502e+147
4.24831e+147
4.0514e+147
3.86382e+147
3.68509e+147
3.51472e+147
3.35223e+147
3.19712e+147
3.04886e+147
2.90689e+147
2.77058e+147
2.63924e+147
2.51207e+147
2.38814e+147
2.26638e+147
2.14552e+147
2.02404e+147
1.90019e+147
1.77191e+147
1.63687e+147
1.49252e+147
1.33627e+147
1.16592e+147
9.80435e+146
7.81537e+146
5.76252e+146
3.80154e+146
2.17348e+146
1.06788e+146
4.52556e+145
1.66072e+145
5.27494e+144
1.44304e+144
3.37185e+143
6.66109e+142
1.10038e+142
1.50363e+141
1.68234e+140
1.52704e+139
1.11542e+138
6.51108e+136
3.01966e+135
1.10725e+134
3.19737e+132
7.24786e+130
1.2864e+129
1.78405e+127
1.93016e+125
1.62697e+123
1.06742e+121
5.44632e+118
0
9.92804e+147
9.46372e+147
9.02121e+147
8.59949e+147
8.19761e+147
7.81465e+147
7.44973e+147
7.10201e+147
6.77072e+147
6.45508e+147
6.15438e+147
5.86793e+147
5.59506e+147
5.33514e+147
5.08756e+147
4.85171e+147
4.62703e+147
4.41294e+147
4.20885e+147
4.0142e+147
3.82837e+147
3.65074e+147
3.48063e+147
3.31729e+147
3.15988e+147
3.00745e+147
2.85888e+147
2.71289e+147
2.56795e+147
2.42224e+147
2.27365e+147
2.11971e+147
1.9576e+147
1.78424e+147
1.59649e+147
1.39161e+147
1.1683e+147
9.28534e+146
6.80857e+146
4.44658e+146
2.50481e+146
1.21297e+146
5.08481e+145
1.85322e+145
5.86417e+144
1.60122e+144
3.73826e+143
7.38227e+142
1.21934e+142
1.6661e+141
1.86408e+140
1.692e+139
1.2359e+138
7.2144e+136
3.34583e+135
1.22685e+134
3.54275e+132
8.03076e+130
1.42536e+129
1.97676e+127
2.13865e+125
1.80272e+123
1.18272e+121
6.03462e+118
0
1.19007e+148
1.13441e+148
1.08137e+148
1.03082e+148
9.82645e+147
9.36739e+147
8.92995e+147
8.51313e+147
8.11599e+147
7.73762e+147
7.37715e+147
7.03375e+147
6.70663e+147
6.39502e+147
6.0982e+147
5.81545e+147
5.54606e+147
5.28936e+147
5.04464e+147
4.81122e+147
4.58837e+147
4.37533e+147
4.17128e+147
3.97532e+147
3.78646e+147
3.60354e+147
3.42523e+147
3.24997e+147
3.07593e+147
2.90093e+147
2.72242e+147
2.53741e+147
2.34251e+147
2.13397e+147
1.90794e+147
1.66103e+147
1.39151e+147
1.10162e+147
8.01762e+146
5.16349e+146
2.84888e+146
1.35285e+146
5.59128e+145
2.02017e+145
6.36248e+144
1.73328e+144
4.04238e+143
7.97935e+142
1.31773e+142
1.80043e+141
2.01432e+140
1.82835e+139
1.3355e+138
7.79577e+136
3.61546e+135
1.32572e+134
3.82824e+132
8.67792e+130
1.54022e+129
2.13605e+127
2.31099e+125
1.94799e+123
1.27803e+121
6.52092e+118
0
1.42839e+148
1.36159e+148
1.29792e+148
1.23724e+148
1.17942e+148
1.12432e+148
1.07182e+148
1.02179e+148
9.74116e+147
9.28699e+147
8.85429e+147
8.44209e+147
8.04941e+147
7.67535e+147
7.31902e+147
6.97957e+147
6.65615e+147
6.34793e+147
6.05409e+147
5.77379e+147
5.50615e+147
5.25027e+147
5.00515e+147
4.76972e+147
4.54277e+147
4.32292e+147
4.10856e+147
3.89782e+147
3.68848e+147
3.47792e+147
3.26307e+147
3.0403e+147
2.8055e+147
2.55409e+147
2.28133e+147
1.98296e+147
1.65662e+147
1.30473e+147
9.39934e+146
5.9341e+146
3.17763e+146
1.46908e+146
5.9602e+145
2.13005e+145
6.66999e+144
1.81203e+144
4.2208e+143
8.32724e+142
1.3749e+142
1.8784e+141
2.1015e+140
1.90746e+139
1.39328e+138
8.13306e+136
3.77188e+135
1.38307e+134
3.99386e+132
9.05336e+130
1.60686e+129
2.22847e+127
2.41098e+125
2.03227e+123
1.33332e+121
6.80304e+118
0
1.71741e+148
1.63709e+148
1.56054e+148
1.48759e+148
1.41807e+148
1.35181e+148
1.28868e+148
1.22853e+148
1.17121e+148
1.1166e+148
1.06457e+148
1.015e+148
9.67778e+147
9.22794e+147
8.79941e+147
8.39116e+147
8.00216e+147
7.63142e+147
7.27794e+147
6.94071e+147
6.61868e+147
6.31075e+147
6.01573e+147
5.73231e+147
5.45904e+147
5.19425e+147
4.936e+147
4.68204e+147
4.42968e+147
4.17576e+147
3.91654e+147
3.64765e+147
3.36405e+147
3.06013e+147
2.72998e+147
2.36817e+147
1.9714e+147
1.542e+147
1.0952e+147
6.71443e+146
3.43746e+146
1.53094e+146
6.06294e+145
2.13762e+145
6.6478e+144
1.80016e+144
4.18721e+143
8.2561e+142
1.36285e+142
1.86176e+141
2.08282e+140
1.89049e+139
1.38088e+138
8.06066e+136
3.7383e+135
1.37076e+134
3.95831e+132
8.97277e+130
1.59255e+129
2.20863e+127
2.38951e+125
2.01417e+123
1.32145e+121
6.74248e+118
0
2.06961e+148
1.97282e+148
1.88057e+148
1.79266e+148
1.70887e+148
1.62903e+148
1.55295e+148
1.48045e+148
1.41137e+148
1.34555e+148
1.28285e+148
1.2231e+148
1.16619e+148
1.11197e+148
1.06031e+148
1.0111e+148
9.64198e+147
9.19498e+147
8.76874e+147
8.36204e+147
7.97362e+147
7.60213e+147
7.24614e+147
6.90408e+147
6.57417e+147
6.2544e+147
5.94244e+147
5.63553e+147
5.33044e+147
5.02333e+147
4.70966e+147
4.38409e+147
4.04046e+147
3.6718e+147
3.27072e+147
2.83013e+147
2.3452e+147
1.81763e+147
1.26519e+147
7.41085e+146
3.52896e+146
1.48994e+146
5.71874e+145
1.98364e+145
6.1205e+144
1.65143e+144
3.8353e+143
7.55741e+142
1.2472e+142
1.70363e+141
1.90585e+140
1.72984e+139
1.26353e+138
7.37564e+136
3.42061e+135
1.25427e+134
3.62192e+132
8.21023e+130
1.45721e+129
2.02093e+127
2.18644e+125
1.843e+123
1.20915e+121
6.16948e+118
0
2.50132e+148
2.38434e+148
2.27284e+148
2.16659e+148
2.06533e+148
1.96883e+148
1.87687e+148
1.78924e+148
1.70574e+148
1.62619e+148
1.55039e+148
1.47817e+148
1.40936e+148
1.34381e+148
1.28136e+148
1.22185e+148
1.16514e+148
1.11108e+148
1.05952e+148
1.01032e+148
9.63326e+147
9.18368e+147
8.75275e+147
8.33855e+147
7.93895e+147
7.5515e+147
7.17334e+147
6.80116e+147
6.43101e+147
6.05823e+147
5.67726e+147
5.28159e+147
4.86359e+147
4.41462e+147
3.92523e+147
3.38603e+147
2.78968e+147
2.13584e+147
1.44368e+147
7.83054e+146
3.26858e+146
1.27494e+146
4.7028e+145
1.60123e+145
4.89937e+144
1.31711e+144
3.05414e+143
6.01438e+142
9.92315e+141
1.35534e+141
1.51617e+140
1.37614e+139
1.00517e+138
5.86749e+136
2.72117e+135
9.97798e+133
2.88132e+132
6.53142e+130
1.15925e+129
1.6077e+127
1.73937e+125
1.46615e+123
9.61904e+120
4.90796e+118
0
3.03424e+148
2.89233e+148
2.75708e+148
2.62819e+148
2.50535e+148
2.38828e+148
2.27672e+148
2.17041e+148
2.06911e+148
1.97259e+148
1.88062e+148
1.793e+148
1.70951e+148
1.62996e+148
1.55417e+148
1.48194e+148
1.4131e+148
1.34747e+148
1.28487e+148
1.22512e+148
1.16803e+148
1.11341e+148
1.06103e+148
1.01067e+148
9.62073e+147
9.14928e+147
8.68894e+147
8.23565e+147
7.78462e+147
7.33012e+147
6.86538e+147
6.38236e+147
5.87162e+147
5.3223e+147
4.72225e+147
4.05876e+147
3.32035e+147
2.50171e+147
1.61845e+147
7.56926e+146
2.31272e+146
7.97017e+145
2.80405e+145
9.3722e+144
2.84611e+144
7.62735e+143
1.76637e+143
3.47665e+142
5.735e+141
7.8325e+140
8.76171e+139
7.9524e+138
5.80864e+137
3.39069e+136
1.5725e+135
5.76604e+133
1.66505e+132
3.77436e+130
6.69901e+128
9.29052e+126
1.00514e+125
8.47254e+122
5.55862e+120
2.8362e+118
0
3.69768e+148
3.52474e+148
3.35992e+148
3.20283e+148
3.05312e+148
2.91045e+148
2.77449e+148
2.64492e+148
2.52145e+148
2.40381e+148
2.2917e+148
2.18488e+148
2.0831e+148
1.98612e+148
1.89371e+148
1.80563e+148
1.72167e+148
1.64161e+148
1.56524e+148
1.49232e+148
1.42264e+148
1.35593e+148
1.29196e+148
1.23043e+148
1.17101e+148
1.11335e+148
1.05702e+148
1.00153e+148
9.46281e+147
8.90579e+147
8.33589e+147
7.7432e+147
7.11597e+147
6.44051e+147
5.70111e+147
4.8804e+147
3.96033e+147
2.92511e+147
1.77198e+147
5.72172e+146
0
0
0
0
0
0
0
0
0
0
0
0
0
0
0
0
0
0
0
0
0
0
0
0
0
4.53174e+148
4.3198e+148
4.11779e+148
3.92526e+148
3.74178e+148
3.56691e+148
3.40026e+148
3.24144e+148
3.0901e+148
2.94588e+148
2.80845e+148
2.67749e+148
2.5527e+148
2.43378e+148
2.32044e+148
2.21241e+148
2.10942e+148
2.01119e+148
1.91746e+148
1.82795e+148
1.74238e+148
1.66045e+148
1.58183e+148
1.50618e+148
1.4331e+148
1.36215e+148
1.29279e+148
1.22442e+148
1.15633e+148
1.08764e+148
1.01734e+148
9.44185e+147
8.66731e+147
7.83251e+147
6.91726e+147
5.89824e+147
4.74846e+147
3.43503e+147
1.90559e+147
0
0
0
0
0
0
0
0
0
0
0
0
0
0
0
0
0
0
0
0
0
0
0
0
0
0
5.59211e+148
5.33057e+148
5.08129e+148
4.8437e+148
4.61727e+148
4.40146e+148
4.19579e+148
3.99978e+148
3.81299e+148
3.63498e+148
3.46533e+148
3.30367e+148
3.14959e+148
3.00275e+148
2.86279e+148
2.72936e+148
2.60212e+148
2.48075e+148
2.3649e+148
2.25424e+148
2.1484e+148
2.04703e+148
1.94972e+148
1.85604e+148
1.76549e+148
1.67753e+148
1.5915e+148
1.50666e+148
1.42212e+148
1.33682e+148
1.24949e+148
1.15862e+148
1.0624e+148
9.58698e+147
8.44972e+147
7.18261e+147
5.75102e+147
4.11377e+147
2.21906e+147
0
0
0
0
0
0
0
0
0
0
0
0
0
0
0
0
0
0
0
0
0
0
0
0
0
0
6.9569e+148
6.63153e+148
6.3214e+148
6.02582e+148
5.7441e+148
5.47559e+148
5.21969e+148
4.9758e+148
4.74335e+148
4.52182e+148
4.3107e+148
4.10947e+148
3.91769e+148
3.73487e+148
3.5606e+148
3.39443e+148
3.23593e+148
3.08471e+148
2.94032e+148
2.80235e+148
2.67035e+148
2.54386e+148
2.42238e+148
2.30536e+148
2.19221e+148
2.08222e+148
1.9746e+148
1.86842e+148
1.76258e+148
1.65577e+148
1.54643e+148
1.4327e+148
1.31236e+148
1.18276e+148
1.04078e+148
8.82802e+147
7.04621e+147
5.01499e+147
2.68263e+147
0
0
0
0
0
0
0
0
0
0
0
0
0
0
0
0
0
0
0
0
0
0
0
0
0
0
8.73674e+148
8.32812e+148
7.93864e+148
7.56741e+148
7.21358e+148
6.87634e+148
6.55491e+148
6.24856e+148
5.95656e+148
5.67826e+148
5.413e+148
5.16015e+148
4.91914e+148
4.68936e+148
4.47028e+148
4.26134e+148
4.06202e+148
3.87177e+148
3.69007e+148
3.51637e+148
3.35013e+148
3.19075e+148
3.0376e+148
2.89001e+148
2.7472e+148
2.60831e+148
2.47234e+148
2.33815e+148
2.20435e+148
2.06934e+148
1.93119e+148
1.7876e+148
1.63583e+148
1.47263e+148
1.2942e+148
1.09609e+148
8.73265e+147
6.20128e+147
3.30834e+147
0
0
0
0
0
0
0
0
0
0
0
0
0
0
0
0
0
0
0
0
0
0
0
0
0
0
1.10893e+149
1.05706e+149
1.00762e+149
9.605e+148
9.15586e+148
8.72775e+148
8.31969e+148
7.93075e+148
7.56001e+148
7.20663e+148
6.86977e+148
6.54865e+148
6.2425e+148
5.95059e+148
5.67221e+148
5.40666e+148
5.15325e+148
4.91131e+148
4.68016e+148
4.4591e+148
4.24743e+148
4.0444e+148
3.8492e+148
3.66096e+148
3.47873e+148
3.30139e+148
3.12772e+148
2.95624e+148
2.78526e+148
2.61277e+148
2.43635e+148
2.25319e+148
2.05987e+148
1.85242e+148
1.62613e+148
1.37557e+148
1.09456e+148
7.763e+147
4.13684e+147
0
0
0
0
0
0
0
0
0
0
0
0
0
0
0
0
0
0
0
0
0
0
0
0
0
0
1.42399e+149
1.35739e+149
1.2939e+149
1.23339e+149
1.17571e+149
1.12072e+149
1.06831e+149
1.01835e+149
9.70731e+148
9.25333e+148
8.82053e+148
8.40789e+148
8.01444e+148
7.63922e+148
7.28131e+148
6.93981e+148
6.61384e+148
6.30251e+148
6.00496e+148
5.72027e+148
5.44754e+148
5.1858e+148
4.93401e+148
4.69105e+148
4.4557e+148
4.22655e+148
4.00202e+148
3.78027e+148
3.55915e+148
3.33612e+148
3.10821e+148
2.87184e+148
2.62282e+148
2.35618e+148
2.06609e+148
1.74581e+148
1.38768e+148
9.83247e+147
5.23575e+147
0
0
0
0
0
0
0
0
0
0
0
0
0
0
0
0
0
0
0
0
0
0
0
0
0
0
1.85115e+149
1.76457e+149
1.68204e+149
1.60336e+149
1.52837e+149
1.45688e+149
1.38874e+149
1.32377e+149
1.26184e+149
1.2028e+149
1.1465e+149
1.09282e+149
1.04163e+149
9.92799e+148
9.46211e+148
9.01749e+148
8.59294e+148
8.18734e+148
7.79951e+148
7.42829e+148
7.07247e+148
6.7308e+148
6.40192e+148
6.08438e+148
5.77658e+148
5.47672e+148
5.18276e+148
4.89235e+148
4.60276e+148
4.31078e+148
4.01262e+148
3.70382e+148
3.37909e+148
3.03221e+148
2.65588e+148
2.24166e+148
1.77994e+148
1.26002e+148
6.70503e+147
0
0
0
0
0
0
0
0
0
0
0
0
0
0
0
0
0
0
0
0
0
0
0
0
0
0
2.43653e+149
2.32256e+149
2.21392e+149
2.11036e+149
2.01164e+149
1.91753e+149
1.82782e+149
1.74228e+149
1.66074e+149
1.58298e+149
1.50884e+149
1.43814e+149
1.37069e+149
1.30635e+149
1.24495e+149
1.18633e+149
1.13035e+149
1.07684e+149
1.02565e+149
9.76636e+148
9.29628e+148
8.84461e+148
8.40959e+148
7.98929e+148
7.58161e+148
7.18422e+148
6.79445e+148
6.40928e+148
6.02517e+148
5.63803e+148
5.24302e+148
4.83447e+148
4.40568e+148
3.94878e+148
3.45456e+148
2.91234e+148
2.30991e+148
1.63363e+148
8.687e+147
0
0
0
0
0
0
0
0
0
0
0
0
0
0
0
0
0
0
0
0
0
0
0
0
0
0
3.24538e+149
3.09358e+149
2.94888e+149
2.81093e+149
2.67942e+149
2.55404e+149
2.43451e+149
2.32055e+149
2.21189e+149
2.10827e+149
2.00946e+149
1.91521e+149
1.82529e+149
1.73949e+149
1.65759e+149
1.57939e+149
1.50467e+149
1.43322e+149
1.36486e+149
1.29935e+149
1.2365e+149
1.17607e+149
1.11782e+149
1.06152e+149
1.00686e+149
9.53556e+148
9.01244e+148
8.49532e+148
7.97961e+148
7.46001e+148
6.93029e+148
6.38318e+148
5.81011e+148
5.20106e+148
4.54429e+148
3.82618e+148
3.03111e+148
2.14147e+148
1.13789e+148
0
0
0
0
0
0
0
0
0
0
0
0
0
0
0
0
0
0
0
0
0
0
0
0
0
0
4.3682e+149
4.16388e+149
3.9691e+149
3.78341e+149
3.60638e+149
3.4376e+149
3.27667e+149
3.12323e+149
2.97692e+149
2.83738e+149
2.70429e+149
2.57733e+149
2.45619e+149
2.34056e+149
2.23017e+149
2.12473e+149
2.02394e+149
1.92755e+149
1.83525e+149
1.74678e+149
1.66184e+149
1.58012e+149
1.50131e+149
1.42506e+149
1.351e+149
1.27872e+149
1.20775e+149
1.13756e+149
1.06757e+149
9.97068e+148
9.25257e+148
8.51196e+148
7.73783e+148
6.91732e+148
6.03541e+148
5.07464e+148
4.01491e+148
2.83331e+148
1.50426e+148
0
0
0
0
0
0
0
0
0
0
0
0
0
0
0
0
0
0
0
0
0
0
0
0
0
0
5.92406e+149
5.64696e+149
5.38279e+149
5.13093e+149
4.89081e+149
4.66187e+149
4.44357e+149
4.2354e+149
4.03688e+149
3.84754e+149
3.66692e+149
3.49459e+149
3.33012e+149
3.17311e+149
3.02317e+149
2.87989e+149
2.74291e+149
2.61182e+149
2.48626e+149
2.36582e+149
2.25012e+149
2.13874e+149
2.03123e+149
1.92714e+149
1.82597e+149
1.72714e+149
1.63006e+149
1.53401e+149
1.43822e+149
1.34177e+149
1.24361e+149
1.14254e+149
1.03713e+149
9.2574e+148
8.06442e+148
6.77002e+148
5.34829e+148
3.76939e+148
1.99934e+148
0
0
0
0
0
0
0
0
0
0
0
0
0
0
0
0
0
0
0
0
0
0
0
0
0
0
8.04858e+149
7.6721e+149
7.31316e+149
6.97095e+149
6.64466e+149
6.33354e+149
6.03686e+149
5.75392e+149
5.48407e+149
5.22665e+149
4.98104e+149
4.74667e+149
4.52294e+149
4.3093e+149
4.10521e+149
3.91012e+149
3.7235e+149
3.54484e+149
3.37361e+149
3.20926e+149
3.05126e+149
2.89903e+149
2.75198e+149
2.60947e+149
2.47082e+149
2.33529e+149
2.20205e+149
2.07019e+149
1.93865e+149
1.80628e+149
1.6717e+149
1.53338e+149
1.38951e+149
1.23799e+149
1.07641e+149
9.01928e+148
7.11239e+148
5.00486e+148
2.65159e+148
0
0
0
0
0
0
0
0
0
0
0
0
0
0
0
0
0
0
0
0
0
0
0
0
0
0
1.08227e+150
1.03164e+150
9.83373e+149
9.3735e+149
8.93465e+149
8.51617e+149
8.11706e+149
7.7364e+149
7.37328e+149
7.02683e+149
6.69622e+149
6.38065e+149
6.07931e+149
5.79147e+149
5.51637e+149
5.25328e+149
5.00148e+149
4.76026e+149
4.52889e+149
4.30664e+149
4.09277e+149
3.88651e+149
3.68705e+149
3.49354e+149
3.30506e+149
3.12064e+149
2.93919e+149
2.75952e+149
2.5803e+149
2.40004e+149
2.21705e+149
2.02939e+149
1.83486e+149
1.6309e+149
1.41456e+149
1.18236e+149
9.30217e+148
6.53251e+148
3.45579e+148
0
0
0
0
0
0
0
0
0
0
0
0
0
0
0
0
0
0
0
0
0
0
0
0
0
0
1.40068e+150
1.33516e+150
1.27268e+150
1.21311e+150
1.15629e+150
1.10211e+150
1.05043e+150
1.00112e+150
9.5408e+149
9.09187e+149
8.66334e+149
8.25414e+149
7.86325e+149
7.48968e+149
7.13243e+149
6.79056e+149
6.46311e+149
6.14913e+149
5.84767e+149
5.55777e+149
5.27846e+149
5.00871e+149
4.74749e+149
4.4937e+149
4.24617e+149
4.00366e+149
3.76484e+149
3.52823e+149
3.29225e+149
3.05513e+149
2.81489e+149
2.56933e+149
2.31595e+149
2.05187e+149
1.77375e+149
1.47767e+149
1.15889e+149
8.11615e+148
4.28491e+148
0
0
0
0
0
0
0
0
0
0
0
0
0
0
0
0
0
0
0
0
0
0
0
0
0
0
1.62522e+150
1.54919e+150
1.47669e+150
1.40754e+150
1.34159e+150
1.27868e+150
1.21866e+150
1.16139e+150
1.10673e+150
1.05455e+150
1.00471e+150
9.57104e+149
9.11599e+149
8.6808e+149
8.2643e+149
7.86534e+149
7.48281e+149
7.11556e+149
6.76248e+149
6.42242e+149
6.09423e+149
5.77673e+149
5.4687e+149
5.16889e+149
4.87597e+149
4.58858e+149
4.30526e+149
4.02446e+149
3.74453e+149
3.46369e+149
3.18001e+149
2.89136e+149
2.59537e+149
2.28933e+149
1.97009e+149
1.63388e+149
1.27599e+149
8.90345e+148
4.68792e+148
0
0
0
0
0
0
0
0
0
0
0
0
0
0
0
0
0
0
0
0
0
0
0
0
0
0
1.35455e+150
1.29118e+150
1.23074e+150
1.17308e+150
1.11808e+150
1.06561e+150
1.01553e+150
9.67722e+149
9.22079e+149
8.78485e+149
8.3683e+149
7.97009e+149
7.58919e+149
7.22458e+149
6.87526e+149
6.54028e+149
6.21864e+149
5.9094e+149
5.61157e+149
5.32421e+149
5.04632e+149
4.77692e+149
4.51501e+149
4.25957e+149
4.00955e+149
3.76389e+149
3.52149e+149
3.28124e+149
3.04197e+149
2.80248e+149
2.56152e+149
2.31776e+149
2.06972e+149
1.81574e+149
1.55386e+149
1.28159e+149
9.95692e+148
6.91654e+148
3.62983e+148
0
0
0
0
0
0
0
0
0
0
0
0
0
0
0
0
0
0
0
0
0
0
0
0
0
0
0
0
0
0
0
0
0
0
0
0
0
0
0
0
0
0
0
0
0
0
0
0
0
0
0
0
0
0
0
0
0
0
0
0
0
0
0
0
0
0
0
0
0
0
0
0
0
0
0
0
0
0
0
0
0
0
0
0
0
0
0
0
0
0
0
