0.545525
0
0
0
0
0
0
0
0
0
0
0
0
0
0
0
0
0
0
0
0
0
0
0
0
0
0
0
0
0
0
0
0
0.52864
0.017574
0.352995
0.700374
1.06247
1.45352
1.88046
2.34734
2.85626
3.40726
3.99747
4.61988
5.26128
5.89942
6.49915
7.00756
7.35006
7.43445
7.18611
6.66861
6.2966
6.51053
7.18018
8.11258
9.23101
10.53
12.0301
13.7609
15.7577
18.0609
20.7045
23.2725
0
0.613382
0.0706274
0.766317
1.48743
2.25732
3.0934
4.00747
5.00734
6.0972
7.27687
8.54005
9.87139
11.2423
12.6046
13.8823
14.9611
15.6801
15.8399
15.2793
14.1342
13.2992
13.7229
15.1219
17.0797
19.4302
22.1607
25.3138
28.9519
33.1491
37.9903
43.5463
48.9215
0
0.746309
0.208981
1.24945
2.37595
3.60105
4.94039
6.40802
8.0146
9.766
11.6614
13.6902
15.8272
18.0257
20.2074
22.2488
23.9643
25.0925
25.3097
24.3526
22.44
21.0243
21.642
23.826
26.9001
30.5945
34.887
39.8439
45.5633
52.1617
59.7724
68.5057
76.9168
0
0.908508
0.377802
1.80477
3.37885
5.11132
7.01697
9.11095
11.4057
13.9083
16.6163
19.5139
22.5641
25.6988
28.8045
31.7024
34.1239
35.6906
35.9332
34.468
31.6074
29.4576
30.2374
33.2534
37.527
42.6689
48.6443
55.5449
63.5068
72.6925
83.2873
95.4431
107.094
0
1.09484
0.571745
2.43457
4.50765
6.80622
9.34699
12.1467
15.2191
18.5714
22.1992
26.0795
30.1612
34.3513
38.4948
42.3482
45.5463
47.5737
47.79
45.6671
41.622
38.5365
39.4248
43.3047
48.8453
55.5203
63.2787
72.2387
82.5768
94.5038
108.261
124.042
139.088
0
1.30499
0.790466
3.14279
5.77347
8.70388
11.9551
15.5466
19.4938
23.8037
28.4683
33.456
38.6986
44.0732
49.3765
54.2893
58.3328
60.831
60.9404
57.9573
52.4137
48.1252
49.0392
53.7917
60.6398
68.9013
78.5058
89.5982
102.397
117.162
134.193
153.727
172.25
0
1.54017
1.03525
3.93474
7.18753
10.8222
14.866
19.3425
24.2695
29.6532
35.4813
41.7111
48.2539
54.9515
61.5433
67.6212
72.573
75.5327
75.4136
71.2934
63.8268
57.9779
58.7985
64.3977
72.5501
82.4
93.8538
107.082
122.346
139.955
160.265
183.556
205.522
0
1.8021
1.30788
4.81645
8.76117
13.1788
18.1037
23.5653
29.5841
36.166
43.2926
50.9082
58.8992
67.0652
75.078
82.4248
88.3359
91.7184
91.1906
85.5509
75.5776
67.686
68.2501
74.6215
84.0096
95.3702
108.584
123.845
141.454
161.77
185.201
212.068
237.27
0
2.0926
1.61025
5.79402
10.5054
15.7901
21.6909
28.2438
35.473
43.3838
51.9511
61.1029
70.6959
80.4796
90.046
98.7579
105.658
109.382
108.183
100.491
87.1914
76.6009
76.6973
83.6996
94.158
106.834
121.581
138.614
158.267
180.94
207.092
237.072
265.062
0
2.41339
1.94413
6.87305
12.43
18.6708
25.6472
33.4025
41.9657
51.3411
61.4955
72.3378
83.6889
95.2393
106.486
116.643
124.532
128.454
126.204
115.71
97.9096
83.7191
83.0953
90.4979
101.723
115.349
131.203
149.515
170.645
195.022
223.137
255.366
285.346
0
2.76588
2.31099
8.05817
14.5431
21.8323
29.9875
39.0602
49.0837
60.0616
71.9508
84.6372
97.9
111.359
124.398
136.057
144.886
148.78
144.943
130.585
106.549
87.5108
85.9061
93.3615
104.853
118.819
135.07
153.842
175.501
200.489
229.309
262.345
293.023
0
3.15101
2.71184
9.35241
16.8497
25.2817
34.7205
45.2262
56.8367
69.5536
83.3221
98.0009
113.319
128.814
143.736
156.915
166.577
170.108
163.935
144.199
111.281
85.6545
82.8969
89.9063
100.887
114.24
129.779
147.726
168.435
192.326
219.881
251.468
280.844
0
3.56909
3.14699
10.7565
19.3507
29.0193
39.8456
51.898
65.2183
79.8052
95.589
112.396
129.898
147.533
164.394
179.065
189.375
192.08
182.558
155.293
109.269
74.6148
70.8683
76.7306
86.0346
97.3426
110.499
125.694
143.227
163.454
186.784
213.533
238.562
0
4.01952
3.61584
12.2682
22.0413
33.0374
45.3504
59.0569
74.2017
90.7783
108.699
127.751
147.539
167.386
186.203
202.281
212.979
214.264
200.108
162.324
96.0178
48.9376
45.3058
49.0191
54.928
62.0924
70.4238
80.0458
91.1479
103.956
118.729
135.674
151.736
0
4.50043
4.11663
13.8811
24.9097
37.3167
51.2068
66.6635
83.7332
102.401
122.557
143.944
166.087
188.179
208.922
226.274
237.044
236.254
216.04
163.932
64.0736
0
0
0
0
0
0
0
0
0
0
0
0
0
5.00872
4.64558
15.5832
27.9335
41.8226
57.3649
74.6496
93.7224
114.557
137.016
160.791
185.317
209.644
232.245
250.709
261.253
257.861
230.583
160.977
0
0
0
0
0
0
0
0
0
0
0
0
0
0
5.53823
5.19639
17.3532
31.0739
46.4954
63.7401
82.9013
104.021
127.058
151.842
178.008
204.894
231.4
255.758
275.191
285.336
279.259
245.596
164.62
0
0
0
0
0
0
0
0
0
0
0
0
0
0
6.07696
5.75793
19.153
34.2607
51.2273
70.1812
91.2167
114.369
139.577
166.637
195.12
224.268
252.83
278.812
299.099
308.829
300.354
261.436
172.085
0
0
0
0
0
0
0
0
0
0
0
0
0
0
6.60325
6.3057
20.9041
37.3528
55.8044
76.3899
99.2005
124.26
151.487
180.636
211.219
242.386
272.753
300.135
321.144
330.535
320.149
277.145
181.124
0
0
0
0
0
0
0
0
0
0
0
0
0
0
7.06844
6.78803
22.4384
40.0474
59.7681
81.7284
106.01
132.621
161.452
192.219
224.381
257.015
288.64
316.949
338.392
347.509
335.846
290.144
189.361
0
0
0
0
0
0
0
0
0
0
0
0
0
0
7.35749
7.09012
23.3755
41.6573
62.0785
84.7525
109.741
137.027
166.469
197.75
230.292
263.143
294.804
322.974
344.138
352.907
340.896
294.799
193.031
0
0
0
0
0
0
0
0
0
0
0
0
0
0
7.20173
6.92849
22.7945
40.5277
60.2391
82.0055
105.85
131.716
159.431
188.662
218.845
249.093
278.053
303.683
322.888
330.899
320.16
278.28
184.096
0
0
0
0
0
0
0
0
0
0
0
0
0
0
5.8741
5.54914
18.2354
32.246
47.6197
64.3643
82.4441
101.766
122.159
143.351
164.931
186.294
206.559
224.418
237.89
243.861
237.19
208.869
141.813
0
0
0
0
0
0
0
0
0
0
0
0
0
0
0
0
0
0
0
0
0
0
0
0
0
0
0
0
0
0
0
0
0
0
0
0
0
0
0
0
0
0
0
0
0
0
0
