0
0
0
0
0
0
0
0
0
0
0
0
0
0
0
0
0
0
0
0
0
0
0
0
0
0
0
0
0
0
0
0
0
0
6.21725e-15
1.33227e-14
2.13163e-14
2.66454e-14
3.19744e-14
4.26326e-14
6.39488e-14
7.10543e-14
8.52651e-14
1.13687e-13
1.27898e-13
1.7053e-13
2.27374e-13
2.27374e-13
5.11591e-13
6.82121e-13
9.09495e-13
1.13687e-12
1.36424e-12
2.27374e-12
2.72848e-12
3.18323e-12
7.27596e-12
6.36646e-12
9.09495e-12
1.09139e-11
1.45519e-11
2.18279e-11
2.18279e-11
3.63798e-11
8.00355e-11
0
0
1.24345e-14
2.66454e-14
3.90799e-14
5.15143e-14
6.75016e-14
7.81597e-14
1.06581e-13
1.27898e-13
1.7053e-13
1.98952e-13
2.41585e-13
3.12639e-13
3.69482e-13
5.11591e-13
8.52651e-13
1.25056e-12
1.59162e-12
2.04636e-12
2.50111e-12
3.41061e-12
5.45697e-12
6.36646e-12
1.18234e-11
1.27329e-11
1.63709e-11
2.00089e-11
2.54659e-11
4.36557e-11
4.72937e-11
5.09317e-11
1.30967e-10
0
0
1.86517e-14
3.73035e-14
5.86198e-14
7.99361e-14
1.03029e-13
1.20792e-13
1.56319e-13
1.84741e-13
2.41585e-13
2.98428e-13
3.69482e-13
4.26326e-13
5.68434e-13
7.38964e-13
1.3074e-12
1.7053e-12
2.27374e-12
3.18323e-12
3.63798e-12
4.77485e-12
7.27596e-12
8.6402e-12
1.54614e-11
1.81899e-11
2.36469e-11
2.72848e-11
3.45608e-11
6.18456e-11
7.63976e-11
7.27596e-11
1.67347e-10
0
0
2.4869e-14
5.15143e-14
7.81597e-14
1.06581e-13
1.38556e-13
1.7053e-13
2.06057e-13
2.41585e-13
2.98428e-13
3.69482e-13
4.54747e-13
4.83169e-13
7.10543e-13
9.66338e-13
1.42109e-12
2.04636e-12
2.72848e-12
4.09273e-12
4.54747e-12
5.22959e-12
8.18545e-12
9.54969e-12
1.81899e-11
2.00089e-11
2.54659e-11
3.27418e-11
4.00178e-11
6.54836e-11
9.09495e-11
7.27596e-11
1.74623e-10
0
0
2.84217e-14
6.21725e-14
9.59233e-14
1.3145e-13
1.7053e-13
2.02505e-13
2.41585e-13
2.84217e-13
3.55271e-13
4.12115e-13
4.83169e-13
5.68434e-13
7.67386e-13
1.02318e-12
1.53477e-12
2.04636e-12
2.84217e-12
4.3201e-12
4.54747e-12
5.22959e-12
9.09495e-12
9.09495e-12
1.81899e-11
1.90994e-11
2.36469e-11
3.45608e-11
4.00178e-11
6.18456e-11
9.09495e-11
5.82077e-11
1.67347e-10
0
0
3.55271e-14
7.81597e-14
1.1724e-13
1.63425e-13
2.06057e-13
2.4869e-13
2.91323e-13
3.41061e-13
4.26326e-13
4.83169e-13
5.68434e-13
6.53699e-13
8.2423e-13
1.08002e-12
1.53477e-12
2.27374e-12
2.84217e-12
4.54747e-12
4.3201e-12
5.68434e-12
1.04592e-11
7.7307e-12
1.90994e-11
1.81899e-11
2.00089e-11
3.63798e-11
3.45608e-11
6.18456e-11
8.73115e-11
5.09317e-11
1.74623e-10
0
0
4.61853e-14
9.59233e-14
1.49214e-13
2.06057e-13
2.55795e-13
3.05533e-13
3.41061e-13
4.12115e-13
4.9738e-13
5.82645e-13
6.82121e-13
7.95808e-13
9.66338e-13
1.36424e-12
1.76215e-12
2.38742e-12
3.06954e-12
4.54747e-12
4.09273e-12
6.59384e-12
1.18234e-11
8.6402e-12
1.81899e-11
1.90994e-11
2.00089e-11
4.00178e-11
3.45608e-11
6.18456e-11
8.73115e-11
5.09317e-11
1.81899e-10
0
0
5.68434e-14
1.20792e-13
1.84741e-13
2.4869e-13
3.12639e-13
3.62377e-13
4.12115e-13
4.83169e-13
5.82645e-13
6.96332e-13
8.2423e-13
9.37916e-13
1.13687e-12
1.64846e-12
1.93268e-12
2.50111e-12
3.06954e-12
4.54747e-12
4.09273e-12
7.27596e-12
1.22782e-11
9.09495e-12
1.81899e-11
2.09184e-11
2.18279e-11
4.36557e-11
3.27418e-11
6.54836e-11
8.36735e-11
5.82077e-11
1.96451e-10
0
0
7.81597e-14
1.63425e-13
2.34479e-13
3.05533e-13
3.83693e-13
4.40536e-13
5.11591e-13
5.82645e-13
6.82121e-13
7.95808e-13
9.37916e-13
1.08002e-12
1.25056e-12
1.7053e-12
2.10321e-12
2.95586e-12
3.41061e-12
5.00222e-12
4.54747e-12
7.27596e-12
1.18234e-11
9.54969e-12
1.63709e-11
2.27374e-11
2.36469e-11
4.54747e-11
3.27418e-11
5.82077e-11
8.00355e-11
6.54836e-11
2.11003e-10
0
0
9.23706e-14
1.91847e-13
2.70006e-13
3.69482e-13
4.40536e-13
5.11591e-13
5.68434e-13
6.6791e-13
7.81597e-13
9.09495e-13
1.02318e-12
1.13687e-12
1.36424e-12
1.81899e-12
2.27374e-12
3.18323e-12
3.63798e-12
4.77485e-12
4.54747e-12
6.82121e-12
1.09139e-11
9.54969e-12
1.45519e-11
2.18279e-11
2.72848e-11
4.36557e-11
3.27418e-11
4.72937e-11
7.27596e-11
6.54836e-11
2.11003e-10
0
0
8.52651e-14
1.84741e-13
2.84217e-13
3.97904e-13
4.9738e-13
5.68434e-13
6.53699e-13
7.53175e-13
8.52651e-13
9.66338e-13
1.10845e-12
1.25056e-12
1.47793e-12
1.81899e-12
2.38742e-12
3.18323e-12
3.52429e-12
4.54747e-12
4.54747e-12
5.91172e-12
9.09495e-12
8.6402e-12
1.18234e-11
2.00089e-11
2.72848e-11
3.81988e-11
3.09228e-11
3.63798e-11
5.82077e-11
6.54836e-11
2.03727e-10
0
0
9.9476e-14
2.13163e-13
3.41061e-13
4.68958e-13
5.54223e-13
6.53699e-13
7.38964e-13
8.2423e-13
9.37916e-13
1.08002e-12
1.19371e-12
1.3074e-12
1.59162e-12
1.98952e-12
2.6148e-12
3.06954e-12
3.29692e-12
4.09273e-12
4.77485e-12
5.00222e-12
7.7307e-12
8.18545e-12
9.09495e-12
1.72804e-11
2.36469e-11
2.91038e-11
2.91038e-11
2.91038e-11
4.72937e-11
6.54836e-11
1.89175e-10
0
0
1.7053e-13
3.41061e-13
5.11591e-13
6.25278e-13
7.10543e-13
7.67386e-13
8.81073e-13
9.09495e-13
1.02318e-12
1.13687e-12
1.3074e-12
1.42109e-12
1.7053e-12
2.04636e-12
2.6148e-12
2.95586e-12
2.95586e-12
3.41061e-12
4.09273e-12
3.63798e-12
5.45697e-12
6.36646e-12
5.45697e-12
1.27329e-11
1.81899e-11
2.18279e-11
2.72848e-11
2.18279e-11
3.27418e-11
5.09317e-11
1.52795e-10
0
0
1.42109e-13
3.69482e-13
5.68434e-13
7.38964e-13
8.52651e-13
9.09495e-13
9.9476e-13
1.02318e-12
1.19371e-12
1.3074e-12
1.47793e-12
1.59162e-12
1.81899e-12
2.16005e-12
2.50111e-12
2.72848e-12
2.50111e-12
2.95586e-12
2.95586e-12
1.81899e-12
2.72848e-12
2.72848e-12
2.72848e-12
7.27596e-12
1.09139e-11
1.27329e-11
1.63709e-11
1.45519e-11
2.18279e-11
2.91038e-11
8.73115e-11
0
0
1.13687e-13
3.97904e-13
6.25278e-13
9.09495e-13
1.02318e-12
1.13687e-12
1.13687e-12
1.3074e-12
1.42109e-12
1.47793e-12
1.59162e-12
1.7053e-12
1.81899e-12
2.04636e-12
2.38742e-12
2.38742e-12
2.27374e-12
2.27374e-12
1.13687e-12
0
0
0
0
0
0
0
0
0
0
0
0
0
0
4.54747e-13
8.52651e-13
1.08002e-12
1.36424e-12
1.42109e-12
1.47793e-12
1.47793e-12
1.47793e-12
1.59162e-12
1.7053e-12
1.81899e-12
1.81899e-12
2.04636e-12
2.04636e-12
2.27374e-12
2.27374e-12
2.04636e-12
1.36424e-12
0
0
0
0
0
0
0
0
0
0
0
0
0
0
0
4.54747e-13
9.09495e-13
1.36424e-12
1.7053e-12
1.81899e-12
1.81899e-12
1.81899e-12
1.93268e-12
2.04636e-12
2.04636e-12
2.16005e-12
2.04636e-12
2.04636e-12
2.16005e-12
2.04636e-12
2.27374e-12
1.36424e-12
9.09495e-13
0
0
0
0
0
0
0
0
0
0
0
0
0
0
0
4.54747e-13
9.09495e-13
1.59162e-12
2.16005e-12
2.50111e-12
2.50111e-12
2.50111e-12
2.72848e-12
2.84217e-12
2.95586e-12
2.95586e-12
2.6148e-12
2.50111e-12
2.27374e-12
2.27374e-12
2.04636e-12
1.59162e-12
6.82121e-13
0
0
0
0
0
0
0
0
0
0
0
0
0
0
0
7.95808e-13
1.47793e-12
1.81899e-12
2.16005e-12
2.38742e-12
2.6148e-12
2.72848e-12
2.84217e-12
3.06954e-12
3.41061e-12
3.41061e-12
3.18323e-12
3.18323e-12
2.72848e-12
2.50111e-12
2.27374e-12
1.81899e-12
9.09495e-13
0
0
0
0
0
0
0
0
0
0
0
0
0
0
0
9.09495e-13
1.81899e-12
2.72848e-12
3.63798e-12
4.3201e-12
4.54747e-12
4.54747e-12
4.77485e-12
4.77485e-12
4.54747e-12
4.3201e-12
4.09273e-12
4.3201e-12
3.86535e-12
3.41061e-12
3.18323e-12
2.27374e-12
1.36424e-12
0
0
0
0
0
0
0
0
0
0
0
0
0
0
0
1.13687e-12
2.50111e-12
3.63798e-12
4.77485e-12
5.45697e-12
5.22959e-12
4.54747e-12
4.54747e-12
4.54747e-12
4.77485e-12
5.00222e-12
4.77485e-12
5.00222e-12
4.77485e-12
4.09273e-12
3.63798e-12
2.72848e-12
1.36424e-12
0
0
0
0
0
0
0
0
0
0
0
0
0
0
0
1.36424e-12
3.18323e-12
4.09273e-12
5.00222e-12
5.91172e-12
5.91172e-12
5.91172e-12
5.91172e-12
5.91172e-12
6.36646e-12
6.36646e-12
5.91172e-12
5.91172e-12
5.00222e-12
5.00222e-12
4.09273e-12
3.18323e-12
2.27374e-12
0
0
0
0
0
0
0
0
0
0
0
0
0
0
0
1.81899e-12
3.63798e-12
5.00222e-12
6.36646e-12
6.82121e-12
6.36646e-12
6.36646e-12
5.91172e-12
5.00222e-12
5.00222e-12
5.00222e-12
4.09273e-12
4.54747e-12
4.54747e-12
3.63798e-12
3.63798e-12
3.18323e-12
1.81899e-12
0
0
0
0
0
0
0
0
0
0
0
0
0
0
0
0
0
0
0
0
0
0
0
0
0
0
0
0
0
0
0
0
0
0
0
0
0
0
0
0
0
0
0
0
0
0
0
