0
0
0
0
0
0
0
0
0
0
0
0
0
0
0
0
0
0
0
0
2.84217e-14
5.68434e-14
0
5.68434e-14
0
5.68434e-14
1.13687e-13
1.13687e-13
1.13687e-13
2.27374e-13
2.27374e-13
0
0
0
0
7.10543e-15
4.26326e-14
7.10543e-14
8.52651e-14
5.68434e-14
5.68434e-14
1.13687e-13
1.7053e-13
2.27374e-13
0
1.13687e-13
2.27374e-13
2.27374e-13
2.27374e-13
4.54747e-13
0
0
1.42109e-14
5.68434e-14
8.52651e-14
8.52651e-14
1.42109e-13
1.13687e-13
1.13687e-13
1.13687e-13
2.27374e-13
0
2.27374e-13
2.27374e-13
2.27374e-13
0
4.54747e-13
0
0
2.84217e-14
7.10543e-14
8.52651e-14
1.13687e-13
1.7053e-13
1.7053e-13
2.27374e-13
5.68434e-14
2.27374e-13
1.13687e-13
1.13687e-13
2.27374e-13
4.54747e-13
0
9.09495e-13
0
0
3.55271e-14
9.9476e-14
1.27898e-13
1.7053e-13
2.27374e-13
2.27374e-13
2.84217e-13
1.7053e-13
2.27374e-13
0
1.13687e-13
2.27374e-13
2.27374e-13
0
4.54747e-13
0
0
3.55271e-14
1.13687e-13
1.7053e-13
2.27374e-13
2.84217e-13
2.84217e-13
3.41061e-13
2.84217e-13
3.41061e-13
1.13687e-13
0
2.27374e-13
0
2.27374e-13
9.09495e-13
0
0
4.9738e-14
1.13687e-13
1.98952e-13
2.55795e-13
3.41061e-13
3.41061e-13
2.84217e-13
2.84217e-13
2.27374e-13
0
0
0
0
0
0
0
0
3.55271e-14
9.9476e-14
1.42109e-13
1.98952e-13
2.84217e-13
2.84217e-13
2.27374e-13
1.13687e-13
0
0
0
0
0
0
0
0
0
4.26326e-14
1.27898e-13
1.98952e-13
2.55795e-13
2.55795e-13
2.27374e-13
1.7053e-13
5.68434e-14
0
0
0
0
0
0
0
0
0
7.10543e-14
1.42109e-13
1.98952e-13
2.55795e-13
2.55795e-13
2.27374e-13
1.7053e-13
0
0
0
0
0
0
0
0
0
0
2.84217e-14
1.27898e-13
1.7053e-13
1.98952e-13
2.27374e-13
2.27374e-13
1.7053e-13
0
0
0
0
0
0
0
0
0
0
0
0
0
0
0
0
0
0
0
0
0
0
0
0
0
0
