0
0
0
0
0
0
0
0
0
0
0
0
0
0
0
0
0
0
0
0
0
0
0
0
0
0
0
0
0
0
0
0
0
0
0
0
0
0
0
0
0
0
0
0
0
0
0
0
0
0
0
0
0
0
0
0
0
0
0
0
0
0
0
0
0
0
8.88178e-16
4.44089e-16
4.44089e-16
4.44089e-16
4.44089e-16
8.88178e-16
1.77636e-15
8.88178e-16
1.33227e-15
1.33227e-15
8.88178e-16
1.33227e-15
1.33227e-15
1.77636e-15
1.77636e-15
1.33227e-15
1.77636e-15
2.22045e-15
3.10862e-15
2.66454e-15
2.66454e-15
2.22045e-15
2.22045e-15
1.77636e-15
2.66454e-15
2.66454e-15
3.55271e-15
5.32907e-15
2.66454e-15
5.32907e-15
5.32907e-15
3.55271e-15
4.44089e-15
3.55271e-15
7.10543e-15
1.06581e-14
5.32907e-15
7.10543e-15
5.32907e-15
1.06581e-14
1.77636e-15
7.10543e-15
0
1.42109e-14
3.55271e-15
3.55271e-15
1.42109e-14
4.26326e-14
2.13163e-14
2.84217e-14
2.13163e-14
2.84217e-14
8.52651e-14
9.9476e-14
5.68434e-14
4.26326e-14
4.26326e-14
4.26326e-14
8.52651e-14
5.68434e-14
8.52651e-14
8.52651e-14
2.84217e-14
0
0
8.88178e-16
8.88178e-16
1.33227e-15
8.88178e-16
8.88178e-16
1.77636e-15
1.77636e-15
1.33227e-15
2.22045e-15
2.22045e-15
1.77636e-15
1.77636e-15
2.66454e-15
3.55271e-15
3.55271e-15
3.10862e-15
3.9968e-15
4.88498e-15
4.88498e-15
3.9968e-15
4.88498e-15
4.88498e-15
3.10862e-15
4.44089e-15
4.88498e-15
6.21725e-15
7.10543e-15
8.88178e-15
5.32907e-15
9.76996e-15
9.76996e-15
7.99361e-15
7.10543e-15
7.10543e-15
1.42109e-14
2.30926e-14
1.06581e-14
1.24345e-14
1.24345e-14
1.95399e-14
5.32907e-15
1.06581e-14
3.55271e-15
3.19744e-14
3.55271e-15
7.10543e-15
2.84217e-14
9.23706e-14
4.9738e-14
5.68434e-14
4.26326e-14
4.26326e-14
1.42109e-13
1.98952e-13
9.9476e-14
8.52651e-14
9.9476e-14
9.9476e-14
8.52651e-14
5.68434e-14
1.7053e-13
1.13687e-13
0
0
0
1.33227e-15
1.33227e-15
1.77636e-15
1.77636e-15
2.22045e-15
1.77636e-15
2.66454e-15
2.66454e-15
3.55271e-15
3.10862e-15
3.10862e-15
3.10862e-15
3.55271e-15
4.44089e-15
5.32907e-15
4.88498e-15
5.77316e-15
7.54952e-15
7.54952e-15
6.21725e-15
7.54952e-15
7.99361e-15
6.66134e-15
7.99361e-15
7.54952e-15
9.76996e-15
1.15463e-14
1.33227e-14
1.15463e-14
1.5099e-14
1.42109e-14
1.33227e-14
1.06581e-14
1.24345e-14
2.4869e-14
3.55271e-14
1.59872e-14
1.77636e-14
1.95399e-14
2.84217e-14
1.42109e-14
2.13163e-14
1.42109e-14
4.61853e-14
7.10543e-15
3.55271e-15
4.61853e-14
1.35003e-13
7.81597e-14
8.52651e-14
6.39488e-14
7.81597e-14
2.13163e-13
2.98428e-13
1.7053e-13
1.56319e-13
1.56319e-13
1.84741e-13
1.13687e-13
1.13687e-13
2.84217e-13
2.27374e-13
8.52651e-14
0
0
1.33227e-15
2.22045e-15
3.10862e-15
2.66454e-15
2.66454e-15
3.10862e-15
3.55271e-15
3.55271e-15
3.9968e-15
3.55271e-15
4.44089e-15
4.44089e-15
5.32907e-15
6.21725e-15
6.66134e-15
7.10543e-15
7.99361e-15
1.02141e-14
9.76996e-15
8.88178e-15
8.88178e-15
9.76996e-15
8.88178e-15
1.02141e-14
1.11022e-14
1.33227e-14
1.5099e-14
1.86517e-14
1.59872e-14
2.13163e-14
1.59872e-14
1.68754e-14
1.5099e-14
1.86517e-14
3.37508e-14
4.79616e-14
2.13163e-14
2.4869e-14
2.84217e-14
3.73035e-14
2.13163e-14
3.19744e-14
2.84217e-14
6.03961e-14
1.42109e-14
3.55271e-15
7.10543e-14
1.77636e-13
1.13687e-13
1.13687e-13
9.23706e-14
1.27898e-13
2.55795e-13
3.69482e-13
2.41585e-13
2.27374e-13
1.84741e-13
2.27374e-13
1.42109e-13
1.42109e-13
3.97904e-13
2.84217e-13
1.13687e-13
0
0
1.77636e-15
2.22045e-15
3.10862e-15
3.10862e-15
3.55271e-15
3.9968e-15
4.44089e-15
4.44089e-15
4.88498e-15
5.32907e-15
5.77316e-15
6.21725e-15
7.10543e-15
7.54952e-15
8.43769e-15
9.32587e-15
1.11022e-14
1.28786e-14
1.28786e-14
1.19904e-14
1.15463e-14
1.19904e-14
1.24345e-14
1.28786e-14
1.59872e-14
1.77636e-14
2.04281e-14
2.4869e-14
2.22045e-14
2.75335e-14
1.86517e-14
2.04281e-14
2.04281e-14
2.4869e-14
4.26326e-14
5.86198e-14
2.84217e-14
3.37508e-14
3.90799e-14
4.79616e-14
3.55271e-14
5.32907e-14
4.9738e-14
7.4607e-14
3.19744e-14
3.55271e-15
9.59233e-14
2.20268e-13
1.42109e-13
1.42109e-13
1.20792e-13
1.84741e-13
3.12639e-13
4.40536e-13
3.55271e-13
2.98428e-13
2.13163e-13
2.55795e-13
2.27374e-13
1.98952e-13
5.11591e-13
3.97904e-13
1.7053e-13
0
0
2.22045e-15
2.66454e-15
3.55271e-15
3.9968e-15
4.88498e-15
4.88498e-15
6.21725e-15
6.66134e-15
7.54952e-15
7.54952e-15
8.43769e-15
8.43769e-15
9.32587e-15
1.06581e-14
1.15463e-14
1.24345e-14
1.42109e-14
1.64313e-14
1.68754e-14
1.59872e-14
1.59872e-14
1.59872e-14
1.73195e-14
1.82077e-14
2.13163e-14
2.39808e-14
2.75335e-14
3.37508e-14
3.01981e-14
3.55271e-14
2.4869e-14
2.4869e-14
2.84217e-14
3.37508e-14
5.32907e-14
7.10543e-14
3.90799e-14
4.61853e-14
5.15143e-14
6.21725e-14
5.32907e-14
7.4607e-14
7.10543e-14
8.52651e-14
5.32907e-14
1.06581e-14
1.27898e-13
2.62901e-13
1.84741e-13
1.77636e-13
1.56319e-13
2.4869e-13
3.83693e-13
5.25802e-13
4.68958e-13
3.83693e-13
2.70006e-13
3.2685e-13
3.97904e-13
3.69482e-13
7.10543e-13
5.96856e-13
2.84217e-13
0
0
2.22045e-15
3.10862e-15
4.88498e-15
5.77316e-15
6.21725e-15
7.10543e-15
8.43769e-15
8.88178e-15
1.02141e-14
1.02141e-14
1.11022e-14
1.19904e-14
1.28786e-14
1.37668e-14
1.55431e-14
1.64313e-14
1.77636e-14
1.9984e-14
2.08722e-14
2.04281e-14
1.9984e-14
2.04281e-14
2.26485e-14
2.44249e-14
2.84217e-14
3.10862e-14
3.55271e-14
4.26326e-14
3.81917e-14
4.26326e-14
3.19744e-14
3.10862e-14
3.64153e-14
4.26326e-14
6.57252e-14
8.34888e-14
5.32907e-14
5.86198e-14
6.57252e-14
7.4607e-14
7.10543e-14
1.03029e-13
9.9476e-14
9.59233e-14
7.81597e-14
3.19744e-14
1.63425e-13
3.12639e-13
2.41585e-13
2.34479e-13
1.98952e-13
3.2685e-13
4.83169e-13
6.25278e-13
5.96856e-13
4.68958e-13
3.69482e-13
4.26326e-13
5.11591e-13
4.83169e-13
9.37916e-13
7.10543e-13
4.26326e-13
0
0
2.66454e-15
4.44089e-15
6.21725e-15
6.66134e-15
7.54952e-15
8.88178e-15
9.76996e-15
1.06581e-14
1.24345e-14
1.33227e-14
1.37668e-14
1.46549e-14
1.59872e-14
1.73195e-14
1.86517e-14
1.9984e-14
2.17604e-14
2.39808e-14
2.44249e-14
2.39808e-14
2.4869e-14
2.57572e-14
2.75335e-14
3.06422e-14
3.55271e-14
3.81917e-14
4.26326e-14
4.9738e-14
4.70735e-14
4.88498e-14
3.9968e-14
3.9968e-14
4.17444e-14
5.06262e-14
7.63833e-14
9.23706e-14
7.10543e-14
7.10543e-14
7.63833e-14
9.23706e-14
8.70415e-14
1.27898e-13
1.3145e-13
1.13687e-13
1.06581e-13
6.75016e-14
2.16716e-13
3.41061e-13
2.91323e-13
2.70006e-13
2.13163e-13
3.83693e-13
5.82645e-13
7.10543e-13
6.96332e-13
5.54223e-13
4.68958e-13
5.11591e-13
6.25278e-13
6.53699e-13
1.16529e-12
7.95808e-13
5.96856e-13
0
0
2.22045e-15
4.88498e-15
6.66134e-15
7.54952e-15
8.88178e-15
1.02141e-14
1.06581e-14
1.24345e-14
1.37668e-14
1.55431e-14
1.64313e-14
1.77636e-14
1.90958e-14
2.08722e-14
2.26485e-14
2.39808e-14
2.62013e-14
2.84217e-14
2.88658e-14
2.88658e-14
3.06422e-14
3.15303e-14
3.33067e-14
3.77476e-14
4.08562e-14
4.52971e-14
4.9738e-14
5.77316e-14
5.59552e-14
5.77316e-14
5.15143e-14
4.9738e-14
5.06262e-14
6.12843e-14
8.70415e-14
1.03029e-13
9.05942e-14
8.88178e-14
9.23706e-14
1.04805e-13
1.06581e-13
1.56319e-13
1.63425e-13
1.35003e-13
1.35003e-13
1.03029e-13
2.59348e-13
3.76588e-13
3.62377e-13
3.33955e-13
2.4869e-13
4.61853e-13
6.82121e-13
8.10019e-13
7.95808e-13
6.25278e-13
5.68434e-13
6.53699e-13
7.67386e-13
8.81073e-13
1.44951e-12
9.09495e-13
8.52651e-13
0
0
2.22045e-15
4.44089e-15
6.21725e-15
7.10543e-15
8.43769e-15
1.02141e-14
1.15463e-14
1.37668e-14
1.55431e-14
1.68754e-14
1.82077e-14
2.04281e-14
2.26485e-14
2.44249e-14
2.66454e-14
2.84217e-14
3.01981e-14
3.28626e-14
3.33067e-14
3.41949e-14
3.59712e-14
3.77476e-14
3.9968e-14
4.4853e-14
4.88498e-14
5.15143e-14
5.59552e-14
6.39488e-14
6.39488e-14
6.57252e-14
6.21725e-14
5.9508e-14
6.03961e-14
6.92779e-14
9.76996e-14
1.13687e-13
1.10134e-13
1.06581e-13
1.04805e-13
1.20792e-13
1.27898e-13
1.84741e-13
1.95399e-13
1.56319e-13
1.59872e-13
1.38556e-13
3.09086e-13
4.12115e-13
4.33431e-13
3.97904e-13
2.98428e-13
5.47118e-13
7.67386e-13
9.09495e-13
8.81073e-13
7.24754e-13
6.96332e-13
7.95808e-13
9.09495e-13
1.10845e-12
1.73372e-12
1.08002e-12
1.02318e-12
0
0
3.55271e-15
5.32907e-15
7.54952e-15
8.43769e-15
9.76996e-15
1.11022e-14
1.33227e-14
1.5099e-14
1.73195e-14
1.82077e-14
2.04281e-14
2.22045e-14
2.4869e-14
2.70894e-14
2.93099e-14
3.10862e-14
3.37508e-14
3.59712e-14
3.77476e-14
3.9968e-14
4.17444e-14
4.39648e-14
4.52971e-14
5.06262e-14
5.32907e-14
5.86198e-14
6.12843e-14
7.10543e-14
7.19425e-14
7.19425e-14
7.19425e-14
6.75016e-14
6.92779e-14
7.72715e-14
1.04805e-13
1.24345e-13
1.27898e-13
1.22569e-13
1.13687e-13
1.3145e-13
1.49214e-13
2.02505e-13
2.13163e-13
1.7053e-13
1.74083e-13
1.66978e-13
3.48166e-13
4.40536e-13
4.90274e-13
4.54747e-13
3.41061e-13
6.18172e-13
8.52651e-13
9.80549e-13
9.66338e-13
8.2423e-13
7.81597e-13
9.52127e-13
1.02318e-12
1.27898e-12
1.93268e-12
1.19371e-12
1.22213e-12
0
0
3.9968e-15
7.54952e-15
9.76996e-15
1.11022e-14
1.19904e-14
1.24345e-14
1.37668e-14
1.59872e-14
1.82077e-14
1.95399e-14
2.17604e-14
2.44249e-14
2.70894e-14
3.01981e-14
3.28626e-14
3.4639e-14
3.81917e-14
4.13003e-14
4.35207e-14
4.52971e-14
4.79616e-14
5.06262e-14
5.24025e-14
5.77316e-14
6.12843e-14
6.66134e-14
6.83897e-14
7.81597e-14
8.08242e-14
8.17124e-14
8.34888e-14
7.72715e-14
8.17124e-14
8.88178e-14
1.13687e-13
1.38556e-13
1.45661e-13
1.38556e-13
1.3145e-13
1.45661e-13
1.77636e-13
2.34479e-13
2.45137e-13
1.98952e-13
2.02505e-13
2.06057e-13
4.12115e-13
4.76064e-13
5.61329e-13
5.25802e-13
3.97904e-13
7.03437e-13
9.52127e-13
1.08002e-12
1.0516e-12
9.52127e-13
8.52651e-13
1.12266e-12
1.25056e-12
1.50635e-12
2.18847e-12
1.36424e-12
1.50635e-12
0
0
2.66454e-15
3.9968e-15
5.77316e-15
7.54952e-15
8.88178e-15
1.11022e-14
1.33227e-14
1.64313e-14
1.95399e-14
2.17604e-14
2.39808e-14
2.62013e-14
2.88658e-14
3.19744e-14
3.5083e-14
3.77476e-14
4.17444e-14
4.4853e-14
4.79616e-14
5.06262e-14
5.32907e-14
5.63993e-14
5.90639e-14
6.4837e-14
6.92779e-14
7.37188e-14
7.54952e-14
8.43769e-14
8.9706e-14
8.9706e-14
9.32587e-14
8.52651e-14
9.50351e-14
1.01252e-13
1.24345e-13
1.47438e-13
1.58096e-13
1.5099e-13
1.47438e-13
1.56319e-13
1.95399e-13
2.59348e-13
2.70006e-13
2.23821e-13
2.16716e-13
2.27374e-13
4.65405e-13
5.11591e-13
6.32383e-13
5.8975e-13
4.54747e-13
7.53175e-13
1.0516e-12
1.1795e-12
1.12266e-12
1.09424e-12
8.95284e-13
1.3074e-12
1.47793e-12
1.7053e-12
2.38742e-12
1.56319e-12
1.81899e-12
0
0
1.77636e-15
3.10862e-15
5.32907e-15
6.21725e-15
7.99361e-15
1.02141e-14
1.28786e-14
1.55431e-14
1.90958e-14
2.13163e-14
2.39808e-14
2.70894e-14
3.10862e-14
3.55271e-14
3.81917e-14
4.21885e-14
4.57412e-14
4.9738e-14
5.28466e-14
5.55112e-14
5.9952e-14
6.35048e-14
6.66134e-14
7.19425e-14
7.81597e-14
8.17124e-14
8.43769e-14
9.23706e-14
9.9476e-14
9.9476e-14
1.04805e-13
9.76996e-14
1.09246e-13
1.13687e-13
1.38556e-13
1.58096e-13
1.72307e-13
1.65201e-13
1.65201e-13
1.7053e-13
2.20268e-13
2.84217e-13
2.94875e-13
2.52243e-13
2.34479e-13
2.55795e-13
5.25802e-13
5.54223e-13
6.96332e-13
6.46594e-13
5.25802e-13
7.95808e-13
1.13687e-12
1.26477e-12
1.1795e-12
1.25056e-12
9.66338e-13
1.47793e-12
1.7053e-12
1.90425e-12
2.58638e-12
1.79057e-12
2.13163e-12
0
0
2.66454e-15
4.88498e-15
7.10543e-15
8.88178e-15
1.06581e-14
1.28786e-14
1.46549e-14
1.68754e-14
1.9984e-14
2.30926e-14
2.57572e-14
2.93099e-14
3.37508e-14
3.77476e-14
4.26326e-14
4.66294e-14
5.06262e-14
5.41789e-14
5.77316e-14
6.12843e-14
6.57252e-14
7.01661e-14
7.4607e-14
7.90479e-14
8.52651e-14
8.9706e-14
9.32587e-14
1.01252e-13
1.08358e-13
1.09246e-13
1.14575e-13
1.09246e-13
1.2168e-13
1.26121e-13
1.5099e-13
1.68754e-13
1.84741e-13
1.75859e-13
1.81188e-13
1.84741e-13
2.45137e-13
3.01981e-13
3.16192e-13
2.77112e-13
2.52243e-13
2.73559e-13
5.68434e-13
5.96856e-13
7.4607e-13
7.10543e-13
5.7554e-13
8.2423e-13
1.22213e-12
1.32161e-12
1.25056e-12
1.36424e-12
1.03739e-12
1.60583e-12
1.90425e-12
2.07478e-12
2.72848e-12
1.98952e-12
2.359e-12
0
0
3.55271e-15
6.21725e-15
8.88178e-15
1.11022e-14
1.33227e-14
1.55431e-14
1.77636e-14
1.95399e-14
2.26485e-14
2.62013e-14
2.9754e-14
3.33067e-14
3.77476e-14
4.21885e-14
4.66294e-14
5.01821e-14
5.55112e-14
6.03961e-14
6.43929e-14
6.75016e-14
7.23865e-14
7.72715e-14
8.26006e-14
8.70415e-14
9.23706e-14
9.85878e-14
1.03029e-13
1.09246e-13
1.1724e-13
1.19016e-13
1.25233e-13
1.2168e-13
1.32339e-13
1.40332e-13
1.65201e-13
1.77636e-13
1.95399e-13
1.88294e-13
1.95399e-13
2.00728e-13
2.62901e-13
3.12639e-13
3.37508e-13
3.05533e-13
2.73559e-13
2.8777e-13
5.8975e-13
6.39488e-13
7.74492e-13
7.67386e-13
6.18172e-13
8.59757e-13
1.27898e-12
1.36424e-12
1.32161e-12
1.46372e-12
1.12266e-12
1.67688e-12
2.04636e-12
2.24532e-12
2.89901e-12
2.24532e-12
2.55795e-12
0
0
3.55271e-15
6.66134e-15
9.76996e-15
1.11022e-14
1.42109e-14
1.68754e-14
1.86517e-14
2.13163e-14
2.44249e-14
2.70894e-14
3.01981e-14
3.4639e-14
3.9968e-14
4.52971e-14
5.10703e-14
5.63993e-14
6.21725e-14
6.70575e-14
7.06102e-14
7.59393e-14
8.17124e-14
8.70415e-14
9.23706e-14
9.68114e-14
1.02141e-13
1.09246e-13
1.14575e-13
1.19904e-13
1.27898e-13
1.3145e-13
1.38556e-13
1.36779e-13
1.48326e-13
1.56319e-13
1.81188e-13
1.9007e-13
2.07834e-13
2.00728e-13
2.13163e-13
2.20268e-13
2.77112e-13
3.23297e-13
3.55271e-13
3.2685e-13
2.98428e-13
3.09086e-13
6.25278e-13
6.82121e-13
8.10019e-13
8.17124e-13
6.6791e-13
9.09495e-13
1.33582e-12
1.42109e-12
1.40687e-12
1.56319e-12
1.19371e-12
1.77636e-12
2.18847e-12
2.38742e-12
3.09797e-12
2.50111e-12
2.78533e-12
0
0
3.55271e-15
6.21725e-15
8.43769e-15
1.02141e-14
1.33227e-14
1.64313e-14
1.86517e-14
2.22045e-14
2.57572e-14
2.88658e-14
3.19744e-14
3.64153e-14
4.17444e-14
4.75175e-14
5.37348e-14
6.03961e-14
6.75016e-14
7.32747e-14
7.81597e-14
8.34888e-14
8.9706e-14
9.59233e-14
1.00364e-13
1.04805e-13
1.1191e-13
1.16351e-13
1.22569e-13
1.27898e-13
1.37668e-13
1.42997e-13
1.5099e-13
1.51879e-13
1.61648e-13
1.72307e-13
1.9007e-13
2.00728e-13
2.18492e-13
2.0961e-13
2.22045e-13
2.34479e-13
2.84217e-13
3.33955e-13
3.6593e-13
3.41061e-13
3.16192e-13
3.2685e-13
6.46594e-13
7.10543e-13
8.31335e-13
8.59757e-13
7.10543e-13
9.37916e-13
1.36424e-12
1.44951e-12
1.46372e-12
1.63425e-12
1.23634e-12
1.79057e-12
2.33058e-12
2.44427e-12
3.2685e-12
2.67164e-12
2.84217e-12
0
0
4.44089e-15
8.88178e-15
1.19904e-14
1.42109e-14
1.64313e-14
1.95399e-14
2.17604e-14
2.57572e-14
2.9754e-14
3.28626e-14
3.59712e-14
4.04121e-14
4.52971e-14
5.10703e-14
5.72875e-14
6.43929e-14
7.19425e-14
7.90479e-14
8.34888e-14
8.9706e-14
9.59233e-14
1.02141e-13
1.06581e-13
1.1191e-13
1.19016e-13
1.23457e-13
1.3145e-13
1.36779e-13
1.45661e-13
1.52767e-13
1.59872e-13
1.63425e-13
1.74083e-13
1.81188e-13
1.98952e-13
2.07834e-13
2.22045e-13
2.14939e-13
2.25597e-13
2.38032e-13
2.8777e-13
3.2685e-13
3.6593e-13
3.44613e-13
3.23297e-13
3.41061e-13
6.46594e-13
7.24754e-13
8.3844e-13
8.88178e-13
7.24754e-13
9.45022e-13
1.37845e-12
1.44951e-12
1.49214e-12
1.64846e-12
1.22213e-12
1.76215e-12
2.41585e-12
2.44427e-12
3.35376e-12
2.72848e-12
2.84217e-12
0
0
3.10862e-15
6.66134e-15
9.76996e-15
1.11022e-14
1.33227e-14
1.64313e-14
1.95399e-14
2.44249e-14
2.93099e-14
3.37508e-14
3.86358e-14
4.44089e-14
5.01821e-14
5.77316e-14
6.39488e-14
7.10543e-14
7.81597e-14
8.43769e-14
8.9706e-14
9.50351e-14
1.01252e-13
1.0747e-13
1.13687e-13
1.19904e-13
1.2701e-13
1.32339e-13
1.39444e-13
1.46549e-13
1.54543e-13
1.61648e-13
1.68754e-13
1.74971e-13
1.84741e-13
1.9007e-13
2.06057e-13
2.13163e-13
2.25597e-13
2.20268e-13
2.32703e-13
2.43361e-13
2.8777e-13
3.23297e-13
3.62377e-13
3.51719e-13
3.30402e-13
3.55271e-13
6.46594e-13
7.24754e-13
8.45546e-13
9.09495e-13
7.38964e-13
9.52127e-13
1.39266e-12
1.4353e-12
1.49214e-12
1.64846e-12
1.20792e-12
1.73372e-12
2.50111e-12
2.47269e-12
3.41061e-12
2.78533e-12
2.87059e-12
0
0
4.44089e-15
7.54952e-15
1.02141e-14
1.19904e-14
1.5099e-14
1.90958e-14
2.39808e-14
2.93099e-14
3.4639e-14
3.9968e-14
4.61853e-14
5.24025e-14
5.77316e-14
6.30607e-14
6.92779e-14
7.54952e-14
8.43769e-14
9.05942e-14
9.68114e-14
1.03917e-13
1.11022e-13
1.1724e-13
1.22569e-13
1.28786e-13
1.35003e-13
1.43885e-13
1.50102e-13
1.57208e-13
1.63425e-13
1.7053e-13
1.78524e-13
1.84741e-13
1.93623e-13
1.98952e-13
2.11386e-13
2.20268e-13
2.27374e-13
2.25597e-13
2.34479e-13
2.4869e-13
2.84217e-13
3.23297e-13
3.6593e-13
3.55271e-13
3.37508e-13
3.69482e-13
6.39488e-13
7.24754e-13
8.3844e-13
9.166e-13
7.17648e-13
9.45022e-13
1.40687e-12
1.42109e-12
1.47793e-12
1.62004e-12
1.1795e-12
1.66267e-12
2.55795e-12
2.47269e-12
3.43903e-12
2.75691e-12
2.81375e-12
0
0
7.10543e-15
1.24345e-14
1.77636e-14
2.13163e-14
2.39808e-14
2.84217e-14
3.37508e-14
3.81917e-14
4.35207e-14
4.70735e-14
5.15143e-14
5.59552e-14
6.21725e-14
6.83897e-14
7.4607e-14
8.17124e-14
8.9706e-14
9.76996e-14
1.03917e-13
1.09246e-13
1.14575e-13
1.23457e-13
1.28786e-13
1.34115e-13
1.42997e-13
1.51879e-13
1.58984e-13
1.65201e-13
1.71418e-13
1.76748e-13
1.85629e-13
1.91847e-13
1.97176e-13
2.04281e-13
2.14939e-13
2.20268e-13
2.23821e-13
2.23821e-13
2.2915e-13
2.4869e-13
2.73559e-13
3.12639e-13
3.58824e-13
3.44613e-13
3.30402e-13
3.76588e-13
6.11067e-13
7.03437e-13
8.17124e-13
8.95284e-13
6.82121e-13
9.166e-13
1.39266e-12
1.36424e-12
1.42109e-12
1.54898e-12
1.10845e-12
1.5774e-12
2.50111e-12
2.44427e-12
3.35376e-12
2.64322e-12
2.70006e-12
0
0
6.21725e-15
1.15463e-14
1.68754e-14
1.95399e-14
2.57572e-14
3.19744e-14
3.81917e-14
4.35207e-14
4.88498e-14
5.24025e-14
5.68434e-14
6.21725e-14
6.92779e-14
7.63833e-14
8.52651e-14
9.23706e-14
1.00364e-13
1.08358e-13
1.12799e-13
1.1724e-13
1.23457e-13
1.29674e-13
1.36779e-13
1.42997e-13
1.51879e-13
1.6076e-13
1.67866e-13
1.73195e-13
1.79412e-13
1.84741e-13
1.91847e-13
1.98952e-13
2.02505e-13
2.0961e-13
2.14939e-13
2.18492e-13
2.20268e-13
2.20268e-13
2.23821e-13
2.45137e-13
2.62901e-13
2.98428e-13
3.44613e-13
3.30402e-13
3.19744e-13
3.69482e-13
5.82645e-13
6.89226e-13
7.95808e-13
8.59757e-13
6.53699e-13
8.95284e-13
1.35003e-12
1.29319e-12
1.36424e-12
1.46372e-12
1.03739e-12
1.44951e-12
2.44427e-12
2.44427e-12
3.21165e-12
2.47269e-12
2.64322e-12
0
0
5.32907e-15
1.06581e-14
1.42109e-14
1.77636e-14
2.30926e-14
2.75335e-14
3.19744e-14
3.81917e-14
4.44089e-14
5.06262e-14
5.50671e-14
6.12843e-14
6.83897e-14
7.81597e-14
8.61533e-14
9.41469e-14
1.03029e-13
1.1191e-13
1.18128e-13
1.23457e-13
1.30562e-13
1.37668e-13
1.44773e-13
1.52767e-13
1.62537e-13
1.71418e-13
1.79412e-13
1.82965e-13
1.88294e-13
1.95399e-13
2.02505e-13
2.07834e-13
2.07834e-13
2.14939e-13
2.16716e-13
2.20268e-13
2.18492e-13
2.18492e-13
2.18492e-13
2.34479e-13
2.55795e-13
2.8777e-13
3.30402e-13
3.16192e-13
3.12639e-13
3.6593e-13
5.47118e-13
6.60805e-13
7.67386e-13
8.10019e-13
6.11067e-13
8.66862e-13
1.3074e-12
1.23634e-12
1.32161e-12
1.42109e-12
1.00897e-12
1.39266e-12
2.33058e-12
2.38742e-12
3.0127e-12
2.359e-12
2.58638e-12
0
0
5.32907e-15
1.06581e-14
1.5099e-14
2.04281e-14
2.75335e-14
3.37508e-14
3.9968e-14
4.61853e-14
5.32907e-14
6.12843e-14
6.75016e-14
7.4607e-14
7.99361e-14
8.70415e-14
9.32587e-14
1.01252e-13
1.11022e-13
1.20792e-13
1.2701e-13
1.33227e-13
1.4122e-13
1.49214e-13
1.54543e-13
1.6076e-13
1.7053e-13
1.78524e-13
1.86517e-13
1.90958e-13
1.97176e-13
2.04281e-13
2.07834e-13
2.13163e-13
2.11386e-13
2.16716e-13
2.14939e-13
2.14939e-13
2.0961e-13
2.0961e-13
2.06057e-13
2.16716e-13
2.38032e-13
2.66454e-13
3.05533e-13
2.8777e-13
2.8777e-13
3.44613e-13
4.9738e-13
6.03961e-13
7.10543e-13
7.38964e-13
5.47118e-13
8.02913e-13
1.19371e-12
1.12266e-12
1.22213e-12
1.29319e-12
9.23706e-13
1.25056e-12
2.13163e-12
2.24532e-12
2.67164e-12
2.13163e-12
2.44427e-12
0
0
7.10543e-15
1.06581e-14
1.5099e-14
1.86517e-14
2.4869e-14
3.10862e-14
3.64153e-14
4.35207e-14
5.15143e-14
5.9508e-14
6.75016e-14
7.54952e-14
8.34888e-14
9.14824e-14
1.00364e-13
1.08358e-13
1.1724e-13
1.25233e-13
1.32339e-13
1.38556e-13
1.47438e-13
1.57208e-13
1.65201e-13
1.72307e-13
1.81188e-13
1.88294e-13
1.95399e-13
2.02505e-13
2.06057e-13
2.0961e-13
2.14939e-13
2.18492e-13
2.13163e-13
2.13163e-13
2.0961e-13
2.06057e-13
2.02505e-13
1.97176e-13
1.88294e-13
1.91847e-13
2.13163e-13
2.38032e-13
2.70006e-13
2.4869e-13
2.4869e-13
3.05533e-13
4.40536e-13
5.32907e-13
6.25278e-13
6.46594e-13
4.76064e-13
6.96332e-13
1.06581e-12
9.80549e-13
1.10845e-12
1.12266e-12
8.10019e-13
1.09424e-12
1.90425e-12
2.01794e-12
2.30216e-12
1.90425e-12
2.18847e-12
0
0
6.21725e-15
1.15463e-14
1.68754e-14
1.86517e-14
2.39808e-14
2.93099e-14
3.37508e-14
3.9968e-14
4.70735e-14
5.24025e-14
5.86198e-14
6.66134e-14
7.72715e-14
8.88178e-14
1.01252e-13
1.12799e-13
1.23457e-13
1.33227e-13
1.40332e-13
1.47438e-13
1.56319e-13
1.65201e-13
1.74083e-13
1.81188e-13
1.9007e-13
1.98952e-13
2.04281e-13
2.11386e-13
2.16716e-13
2.20268e-13
2.23821e-13
2.22045e-13
2.16716e-13
2.11386e-13
2.06057e-13
2.02505e-13
1.98952e-13
1.86517e-13
1.74083e-13
1.66978e-13
1.88294e-13
2.13163e-13
2.27374e-13
2.0961e-13
2.0961e-13
2.62901e-13
3.62377e-13
4.54747e-13
5.32907e-13
5.47118e-13
4.1922e-13
5.8975e-13
9.23706e-13
8.52651e-13
9.80549e-13
9.37916e-13
7.10543e-13
9.23706e-13
1.7053e-12
1.79057e-12
1.9611e-12
1.73372e-12
1.93268e-12
0
0
7.10543e-15
1.33227e-14
1.95399e-14
2.22045e-14
2.75335e-14
3.37508e-14
3.90799e-14
4.70735e-14
5.32907e-14
5.68434e-14
6.12843e-14
6.83897e-14
7.72715e-14
8.88178e-14
1.00364e-13
1.12799e-13
1.25233e-13
1.35003e-13
1.43885e-13
1.51879e-13
1.62537e-13
1.73195e-13
1.84741e-13
1.91847e-13
2.00728e-13
2.0961e-13
2.20268e-13
2.25597e-13
2.25597e-13
2.2915e-13
2.2915e-13
2.27374e-13
2.20268e-13
2.11386e-13
2.06057e-13
1.97176e-13
1.9007e-13
1.74083e-13
1.56319e-13
1.42109e-13
1.49214e-13
1.7053e-13
1.77636e-13
1.63425e-13
1.66978e-13
2.13163e-13
2.91323e-13
3.69482e-13
4.26326e-13
4.40536e-13
3.48166e-13
4.76064e-13
7.53175e-13
6.96332e-13
8.10019e-13
7.53175e-13
5.82645e-13
7.38964e-13
1.39266e-12
1.50635e-12
1.56319e-12
1.47793e-12
1.59162e-12
0
0
5.32907e-15
1.06581e-14
1.42109e-14
1.59872e-14
2.22045e-14
2.93099e-14
3.73035e-14
4.70735e-14
5.68434e-14
6.66134e-14
7.4607e-14
8.43769e-14
9.32587e-14
1.03917e-13
1.12799e-13
1.24345e-13
1.38556e-13
1.49214e-13
1.59872e-13
1.68754e-13
1.79412e-13
1.88294e-13
1.95399e-13
2.02505e-13
2.11386e-13
2.20268e-13
2.2915e-13
2.34479e-13
2.38032e-13
2.38032e-13
2.38032e-13
2.32703e-13
2.22045e-13
2.11386e-13
2.00728e-13
1.91847e-13
1.75859e-13
1.59872e-13
1.27898e-13
1.03029e-13
1.06581e-13
1.20792e-13
1.24345e-13
1.06581e-13
1.10134e-13
1.49214e-13
1.98952e-13
2.62901e-13
2.98428e-13
3.12639e-13
2.4869e-13
3.2685e-13
5.11591e-13
4.68958e-13
5.82645e-13
5.25802e-13
3.83693e-13
5.25802e-13
9.9476e-13
1.10845e-12
1.0516e-12
1.0516e-12
1.16529e-12
0
0
1.06581e-14
1.95399e-14
2.84217e-14
3.37508e-14
4.08562e-14
4.9738e-14
6.21725e-14
7.28306e-14
8.34888e-14
9.23706e-14
9.9476e-14
1.10134e-13
1.1724e-13
1.27898e-13
1.38556e-13
1.5099e-13
1.65201e-13
1.77636e-13
1.88294e-13
1.95399e-13
2.00728e-13
2.06057e-13
2.13163e-13
2.16716e-13
2.25597e-13
2.34479e-13
2.43361e-13
2.46914e-13
2.4869e-13
2.46914e-13
2.50466e-13
2.41585e-13
2.27374e-13
2.14939e-13
1.98952e-13
1.88294e-13
1.66978e-13
1.35003e-13
9.9476e-14
5.68434e-14
5.32907e-14
6.39488e-14
6.75016e-14
6.03961e-14
6.39488e-14
7.81597e-14
1.06581e-13
1.42109e-13
1.56319e-13
1.63425e-13
1.35003e-13
1.7053e-13
2.84217e-13
2.55795e-13
3.2685e-13
2.84217e-13
2.13163e-13
3.12639e-13
5.40012e-13
5.96856e-13
5.96856e-13
5.96856e-13
6.53699e-13
0
0
1.42109e-14
1.95399e-14
2.4869e-14
2.84217e-14
3.55271e-14
4.08562e-14
5.32907e-14
6.39488e-14
7.4607e-14
8.34888e-14
9.41469e-14
1.06581e-13
1.20792e-13
1.36779e-13
1.52767e-13
1.66978e-13
1.82965e-13
1.97176e-13
2.0961e-13
2.18492e-13
2.25597e-13
2.34479e-13
2.39808e-13
2.43361e-13
2.50466e-13
2.55795e-13
2.62901e-13
2.64677e-13
2.62901e-13
2.62901e-13
2.61124e-13
2.52243e-13
2.38032e-13
2.23821e-13
2.02505e-13
1.84741e-13
1.52767e-13
1.13687e-13
5.32907e-14
0
0
0
0
0
0
0
0
0
0
0
0
0
0
0
0
0
0
0
0
0
0
0
0
0
0
1.24345e-14
1.95399e-14
2.84217e-14
3.55271e-14
4.44089e-14
4.9738e-14
6.21725e-14
7.63833e-14
8.88178e-14
1.01252e-13
1.1191e-13
1.24345e-13
1.36779e-13
1.5099e-13
1.66978e-13
1.79412e-13
1.97176e-13
2.13163e-13
2.27374e-13
2.38032e-13
2.46914e-13
2.55795e-13
2.61124e-13
2.62901e-13
2.73559e-13
2.78888e-13
2.84217e-13
2.85993e-13
2.82441e-13
2.80664e-13
2.77112e-13
2.66454e-13
2.52243e-13
2.36255e-13
2.13163e-13
1.84741e-13
1.45661e-13
9.23706e-14
0
0
0
0
0
0
0
0
0
0
0
0
0
0
0
0
0
0
0
0
0
0
0
0
0
0
0
1.59872e-14
2.30926e-14
3.01981e-14
3.19744e-14
4.08562e-14
4.9738e-14
6.03961e-14
7.28306e-14
8.17124e-14
9.05942e-14
1.01252e-13
1.15463e-13
1.33227e-13
1.5099e-13
1.68754e-13
1.84741e-13
2.04281e-13
2.20268e-13
2.32703e-13
2.43361e-13
2.54019e-13
2.66454e-13
2.75335e-13
2.82441e-13
2.94875e-13
3.03757e-13
3.10862e-13
3.12639e-13
3.10862e-13
3.0731e-13
3.01981e-13
2.8777e-13
2.70006e-13
2.4869e-13
2.16716e-13
1.84741e-13
1.42109e-13
8.52651e-14
0
0
0
0
0
0
0
0
0
0
0
0
0
0
0
0
0
0
0
0
0
0
0
0
0
0
0
2.30926e-14
3.55271e-14
4.79616e-14
6.03961e-14
7.4607e-14
8.52651e-14
9.9476e-14
1.15463e-13
1.29674e-13
1.42109e-13
1.5099e-13
1.59872e-13
1.7053e-13
1.86517e-13
2.06057e-13
2.23821e-13
2.41585e-13
2.55795e-13
2.66454e-13
2.75335e-13
2.84217e-13
2.94875e-13
3.01981e-13
3.09086e-13
3.25073e-13
3.35731e-13
3.42837e-13
3.44613e-13
3.41061e-13
3.35731e-13
3.2685e-13
3.12639e-13
2.91323e-13
2.66454e-13
2.34479e-13
1.91847e-13
1.42109e-13
8.17124e-14
0
0
0
0
0
0
0
0
0
0
0
0
0
0
0
0
0
0
0
0
0
0
0
0
0
0
0
2.13163e-14
3.01981e-14
3.73035e-14
3.73035e-14
4.44089e-14
4.61853e-14
5.50671e-14
6.57252e-14
7.63833e-14
8.70415e-14
9.9476e-14
1.1724e-13
1.40332e-13
1.66978e-13
1.93623e-13
2.16716e-13
2.39808e-13
2.55795e-13
2.70006e-13
2.82441e-13
2.94875e-13
3.10862e-13
3.21521e-13
3.32179e-13
3.49942e-13
3.62377e-13
3.76588e-13
3.8014e-13
3.8014e-13
3.76588e-13
3.6593e-13
3.48166e-13
3.16192e-13
2.84217e-13
2.41585e-13
1.98952e-13
1.45661e-13
8.17124e-14
0
0
0
0
0
0
0
0
0
0
0
0
0
0
0
0
0
0
0
0
0
0
0
0
0
0
0
3.01981e-14
4.61853e-14
6.21725e-14
7.4607e-14
8.70415e-14
1.01252e-13
1.15463e-13
1.27898e-13
1.45661e-13
1.58096e-13
1.72307e-13
1.91847e-13
2.11386e-13
2.34479e-13
2.52243e-13
2.77112e-13
3.05533e-13
3.33955e-13
3.55271e-13
3.73035e-13
3.90799e-13
4.01457e-13
4.12115e-13
4.1922e-13
4.26326e-13
4.33431e-13
4.33431e-13
4.29878e-13
4.1922e-13
4.08562e-13
3.90799e-13
3.69482e-13
3.37508e-13
3.01981e-13
2.59348e-13
2.13163e-13
1.59872e-13
9.23706e-14
0
0
0
0
0
0
0
0
0
0
0
0
0
0
0
0
0
0
0
0
0
0
0
0
0
0
0
2.84217e-14
4.26326e-14
5.68434e-14
6.75016e-14
7.81597e-14
9.23706e-14
1.13687e-13
1.35003e-13
1.63425e-13
1.81188e-13
2.02505e-13
2.27374e-13
2.52243e-13
2.77112e-13
3.09086e-13
3.33955e-13
3.58824e-13
3.83693e-13
3.97904e-13
4.15668e-13
4.33431e-13
4.51195e-13
4.61853e-13
4.76064e-13
4.90274e-13
4.93827e-13
4.9738e-13
4.93827e-13
4.83169e-13
4.68958e-13
4.44089e-13
4.08562e-13
3.62377e-13
3.23297e-13
2.77112e-13
2.27374e-13
1.7053e-13
9.23706e-14
0
0
0
0
0
0
0
0
0
0
0
0
0
0
0
0
0
0
0
0
0
0
0
0
0
0
0
2.4869e-14
4.61853e-14
7.10543e-14
8.88178e-14
1.06581e-13
1.24345e-13
1.49214e-13
1.74083e-13
2.06057e-13
2.34479e-13
2.59348e-13
2.84217e-13
3.16192e-13
3.41061e-13
3.69482e-13
3.90799e-13
4.15668e-13
4.36984e-13
4.44089e-13
4.583e-13
4.79616e-13
4.9738e-13
5.11591e-13
5.25802e-13
5.43565e-13
5.50671e-13
5.50671e-13
5.43565e-13
5.25802e-13
5.08038e-13
4.83169e-13
4.51195e-13
4.08562e-13
3.55271e-13
3.01981e-13
2.4869e-13
1.81188e-13
9.9476e-14
0
0
0
0
0
0
0
0
0
0
0
0
0
0
0
0
0
0
0
0
0
0
0
0
0
0
0
3.19744e-14
4.9738e-14
7.10543e-14
8.88178e-14
1.10134e-13
1.3145e-13
1.63425e-13
1.91847e-13
2.16716e-13
2.30926e-13
2.52243e-13
2.77112e-13
3.09086e-13
3.41061e-13
3.73035e-13
3.97904e-13
4.26326e-13
4.51195e-13
4.65405e-13
4.83169e-13
4.9738e-13
5.11591e-13
5.18696e-13
5.29354e-13
5.50671e-13
5.68434e-13
5.79092e-13
5.82645e-13
5.79092e-13
5.71987e-13
5.50671e-13
5.15143e-13
4.61853e-13
4.08562e-13
3.41061e-13
2.77112e-13
1.98952e-13
1.10134e-13
0
0
0
0
0
0
0
0
0
0
0
0
0
0
0
0
0
0
0
0
0
0
0
0
0
0
0
3.55271e-14
5.68434e-14
8.17124e-14
9.59233e-14
1.1724e-13
1.38556e-13
1.63425e-13
1.95399e-13
2.27374e-13
2.55795e-13
2.8777e-13
3.16192e-13
3.48166e-13
3.76588e-13
4.15668e-13
4.47642e-13
4.93827e-13
5.3646e-13
5.57776e-13
5.71987e-13
5.86198e-13
6.07514e-13
6.25278e-13
6.39488e-13
6.53699e-13
6.60805e-13
6.57252e-13
6.53699e-13
6.39488e-13
6.18172e-13
5.96856e-13
5.50671e-13
5.04485e-13
4.47642e-13
3.83693e-13
3.12639e-13
2.34479e-13
1.35003e-13
0
0
0
0
0
0
0
0
0
0
0
0
0
0
0
0
0
0
0
0
0
0
0
0
0
0
0
3.90799e-14
6.39488e-14
8.88178e-14
9.59233e-14
1.13687e-13
1.3145e-13
1.45661e-13
1.7053e-13
1.98952e-13
2.27374e-13
2.62901e-13
2.94875e-13
3.33955e-13
3.69482e-13
4.1922e-13
4.61853e-13
5.08038e-13
5.50671e-13
5.79092e-13
6.11067e-13
6.46594e-13
6.82121e-13
6.99885e-13
7.17648e-13
7.38964e-13
7.53175e-13
7.56728e-13
7.4607e-13
7.21201e-13
6.96332e-13
6.6791e-13
6.25278e-13
5.68434e-13
4.90274e-13
4.12115e-13
3.33955e-13
2.4869e-13
1.35003e-13
0
0
0
0
0
0
0
0
0
0
0
0
0
0
0
0
0
0
0
0
0
0
0
0
0
0
0
4.61853e-14
7.10543e-14
9.59233e-14
1.13687e-13
1.45661e-13
1.81188e-13
2.23821e-13
2.70006e-13
3.19744e-13
3.55271e-13
3.94351e-13
4.29878e-13
4.583e-13
4.86722e-13
5.22249e-13
5.50671e-13
6.00409e-13
6.53699e-13
6.96332e-13
7.31859e-13
7.81597e-13
8.17124e-13
8.52651e-13
8.81073e-13
9.02389e-13
9.166e-13
9.23706e-13
9.166e-13
9.02389e-13
8.66862e-13
8.31335e-13
7.67386e-13
6.89226e-13
6.03961e-13
5.11591e-13
4.1922e-13
3.19744e-13
1.77636e-13
0
0
0
0
0
0
0
0
0
0
0
0
0
0
0
0
0
0
0
0
0
0
0
0
0
0
0
5.68434e-14
1.06581e-13
1.56319e-13
1.91847e-13
2.27374e-13
2.62901e-13
3.2685e-13
3.69482e-13
4.12115e-13
4.33431e-13
4.61853e-13
4.9738e-13
5.40012e-13
5.96856e-13
6.39488e-13
6.89226e-13
7.53175e-13
8.02913e-13
8.45546e-13
8.66862e-13
8.81073e-13
8.95284e-13
9.02389e-13
9.166e-13
9.30811e-13
9.45022e-13
9.52127e-13
9.52127e-13
9.45022e-13
9.23706e-13
9.02389e-13
8.45546e-13
7.67386e-13
6.75016e-13
5.68434e-13
4.61853e-13
3.48166e-13
1.91847e-13
0
0
0
0
0
0
0
0
0
0
0
0
0
0
0
0
0
0
0
0
0
0
0
0
0
0
0
4.9738e-14
9.23706e-14
1.27898e-13
1.35003e-13
1.56319e-13
1.84741e-13
2.34479e-13
2.84217e-13
3.41061e-13
3.90799e-13
4.47642e-13
5.11591e-13
5.68434e-13
6.46594e-13
7.10543e-13
7.67386e-13
8.31335e-13
8.81073e-13
9.23706e-13
9.52127e-13
9.87654e-13
1.01608e-12
1.03029e-12
1.0516e-12
1.07292e-12
1.10134e-12
1.10845e-12
1.10845e-12
1.08713e-12
1.05871e-12
1.01608e-12
9.73444e-13
8.95284e-13
7.95808e-13
6.75016e-13
5.61329e-13
3.97904e-13
2.20268e-13
0
0
0
0
0
0
0
0
0
0
0
0
0
0
0
0
0
0
0
0
0
0
0
0
0
0
0
4.9738e-14
8.52651e-14
1.13687e-13
1.20792e-13
1.42109e-13
1.7053e-13
2.27374e-13
2.84217e-13
3.33955e-13
3.76588e-13
4.1922e-13
4.54747e-13
4.76064e-13
5.25802e-13
5.68434e-13
6.25278e-13
6.89226e-13
7.53175e-13
8.17124e-13
8.66862e-13
9.23706e-13
9.73444e-13
1.00897e-12
1.05871e-12
1.10134e-12
1.14397e-12
1.1795e-12
1.19371e-12
1.18661e-12
1.16529e-12
1.11555e-12
1.03739e-12
9.37916e-13
8.31335e-13
7.03437e-13
5.7554e-13
4.12115e-13
2.27374e-13
0
0
0
0
0
0
0
0
0
0
0
0
0
0
0
0
0
0
0
0
0
0
0
0
0
0
0
4.26326e-14
7.81597e-14
9.9476e-14
1.13687e-13
1.42109e-13
1.91847e-13
2.55795e-13
3.12639e-13
3.69482e-13
4.26326e-13
4.90274e-13
5.47118e-13
5.96856e-13
6.60805e-13
7.31859e-13
8.02913e-13
8.73968e-13
9.23706e-13
9.66338e-13
9.9476e-13
1.03029e-12
1.0516e-12
1.0516e-12
1.07292e-12
1.09424e-12
1.11555e-12
1.12266e-12
1.11555e-12
1.11555e-12
1.10134e-12
1.05871e-12
1.00187e-12
9.09495e-13
8.10019e-13
6.96332e-13
5.82645e-13
4.33431e-13
2.4869e-13
0
0
0
0
0
0
0
0
0
0
0
0
0
0
0
0
0
0
0
0
0
0
0
0
0
0
0
8.52651e-14
1.42109e-13
1.98952e-13
2.4869e-13
2.91323e-13
3.2685e-13
3.55271e-13
3.97904e-13
4.47642e-13
4.83169e-13
5.18696e-13
5.54223e-13
5.7554e-13
6.25278e-13
6.6791e-13
7.24754e-13
8.02913e-13
8.66862e-13
9.23706e-13
9.66338e-13
1.02318e-12
1.08002e-12
1.11555e-12
1.14397e-12
1.18661e-12
1.20792e-12
1.22213e-12
1.19371e-12
1.16529e-12
1.10134e-12
1.0516e-12
9.66338e-13
8.59757e-13
7.38964e-13
6.18172e-13
5.11591e-13
3.83693e-13
2.13163e-13
0
0
0
0
0
0
0
0
0
0
0
0
0
0
0
0
0
0
0
0
0
0
0
0
0
0
0
0
0
0
0
0
0
0
0
0
0
0
0
0
0
0
0
0
0
0
0
0
0
0
0
0
0
0
0
0
0
0
0
0
0
0
0
0
0
0
0
0
0
0
0
0
0
0
0
0
0
0
0
0
0
0
0
0
0
0
0
0
0
0
0
