0.000108526
0
0
0
0
0
0
0
0
0
0
0
0
0
0
0
0
0
0
0
0
0
0
0
0
0
0
0
0
0
0
0
0
0
0
0
0
0
0
0
0
0
0
0
0
0
0
0
0
0
0
0
0
0
0
0
0
0
0
0
0
0
0
0
0
1.79361e+144
1.70971e+144
1.62974e+144
1.5535e+144
1.48082e+144
1.41153e+144
1.34547e+144
1.28248e+144
1.22243e+144
1.16516e+144
1.11055e+144
1.05846e+144
1.00877e+144
9.61349e+143
9.1609e+143
8.72875e+143
8.31588e+143
7.92119e+143
7.54354e+143
7.18181e+143
6.83483e+143
6.50141e+143
6.18029e+143
5.87011e+143
5.56942e+143
5.27663e+143
4.98997e+143
4.70745e+143
4.42684e+143
4.14562e+143
3.86094e+143
3.56966e+143
3.26836e+143
2.95348e+143
2.62171e+143
2.27067e+143
1.9002e+143
1.51473e+143
1.12677e+143
7.60764e+142
4.52104e+142
2.31593e+142
1.01525e+142
3.81073e+141
1.22629e+141
3.37736e+140
7.91696e+139
1.56628e+139
2.58918e+138
3.53933e+137
3.96096e+136
3.59608e+135
2.62726e+134
1.53393e+133
7.11537e+131
2.6096e+130
7.53726e+128
1.70892e+127
3.03377e+125
4.20828e+123
4.55391e+121
3.83943e+119
2.5195e+117
1.28582e+115
0
3.84631e+144
3.6664e+144
3.4949e+144
3.3314e+144
3.17554e+144
3.02695e+144
2.88529e+144
2.75022e+144
2.62144e+144
2.49863e+144
2.38152e+144
2.26981e+144
2.16325e+144
2.06157e+144
1.96451e+144
1.87184e+144
1.7833e+144
1.69866e+144
1.61768e+144
1.5401e+144
1.4657e+144
1.3942e+144
1.32533e+144
1.25882e+144
1.19434e+144
1.13155e+144
1.07008e+144
1.00949e+144
9.49315e+143
8.89008e+143
8.27961e+143
7.65497e+143
7.00883e+143
6.33358e+143
5.62212e+143
4.86932e+143
4.07487e+143
3.24824e+143
2.41629e+143
1.6314e+143
9.69491e+142
4.96622e+142
2.17706e+142
8.17154e+141
2.62959e+141
7.2422e+140
1.69766e+140
3.35863e+139
5.55208e+138
7.58952e+137
8.49363e+136
7.71121e+135
5.63372e+134
3.28926e+133
1.52577e+132
5.59586e+130
1.61624e+129
3.6645e+127
6.50541e+125
9.02396e+123
9.76512e+121
8.23303e+119
5.40266e+117
2.75722e+115
0
6.21157e+144
5.92103e+144
5.64406e+144
5.38003e+144
5.12832e+144
4.88836e+144
4.65958e+144
4.44145e+144
4.23347e+144
4.03515e+144
3.84602e+144
3.66562e+144
3.49353e+144
3.32931e+144
3.17258e+144
3.02291e+144
2.87993e+144
2.74324e+144
2.61246e+144
2.48718e+144
2.36702e+144
2.25155e+144
2.14034e+144
2.03292e+144
1.92878e+144
1.82739e+144
1.72811e+144
1.63027e+144
1.53309e+144
1.4357e+144
1.33711e+144
1.23623e+144
1.13188e+144
1.02283e+144
9.07937e+143
7.86364e+143
6.58064e+143
5.24566e+143
3.90209e+143
2.63453e+143
1.5656e+143
8.0196e+142
3.51553e+142
1.31953e+142
4.24619e+141
1.16945e+141
2.74133e+140
5.4234e+139
8.9653e+138
1.22553e+138
1.37152e+137
1.24518e+136
9.09713e+134
5.31138e+133
2.46377e+132
9.036e+130
2.60985e+129
5.9173e+127
1.05047e+126
1.45716e+124
1.57684e+122
1.32944e+120
8.72402e+117
4.45226e+115
0
8.95292e+144
8.53416e+144
8.13495e+144
7.75439e+144
7.3916e+144
7.04573e+144
6.71598e+144
6.40159e+144
6.10183e+144
5.81598e+144
5.54337e+144
5.28336e+144
5.03532e+144
4.79864e+144
4.57273e+144
4.35701e+144
4.15093e+144
3.95391e+144
3.76541e+144
3.58485e+144
3.41165e+144
3.24522e+144
3.08493e+144
2.9301e+144
2.78001e+144
2.63386e+144
2.49077e+144
2.34975e+144
2.20968e+144
2.06931e+144
1.92721e+144
1.78181e+144
1.63141e+144
1.47423e+144
1.30863e+144
1.1334e+144
9.48474e+143
7.56057e+143
5.62401e+143
3.79702e+143
2.25634e+143
1.15575e+143
5.06629e+142
1.90156e+142
6.11907e+141
1.68525e+141
3.95042e+140
7.81543e+139
1.29195e+139
1.76606e+138
1.97644e+137
1.79437e+136
1.31095e+135
7.654e+133
3.55043e+132
1.30214e+131
3.76094e+129
8.52717e+127
1.51379e+126
2.09985e+124
2.27231e+122
1.9158e+120
1.25718e+118
6.41597e+115
0
1.21458e+145
1.15777e+145
1.10362e+145
1.05199e+145
1.00277e+145
9.55848e+144
9.11114e+144
8.68462e+144
8.27795e+144
7.89016e+144
7.52033e+144
7.16759e+144
6.83109e+144
6.51e+144
6.20352e+144
5.91087e+144
5.63129e+144
5.36402e+144
5.10828e+144
4.86333e+144
4.62836e+144
4.40258e+144
4.18512e+144
3.97507e+144
3.77146e+144
3.57319e+144
3.37906e+144
3.18775e+144
2.99772e+144
2.80729e+144
2.61451e+144
2.41726e+144
2.21322e+144
1.99998e+144
1.77531e+144
1.53759e+144
1.28671e+144
1.02566e+144
7.62935e+143
5.15073e+143
3.06063e+143
1.56764e+143
6.87153e+142
2.57905e+142
8.29904e+141
2.28561e+141
5.35772e+140
1.05996e+140
1.75219e+139
2.39519e+138
2.68052e+137
2.4336e+136
1.77796e+135
1.03806e+134
4.81522e+132
1.76601e+131
5.10073e+129
1.15649e+128
2.05306e+126
2.84789e+124
3.08179e+122
2.59828e+120
1.70504e+118
8.70158e+115
0
1.58801e+145
1.51373e+145
1.44293e+145
1.37543e+145
1.31108e+145
1.24973e+145
1.19124e+145
1.13547e+145
1.0823e+145
1.0316e+145
9.83249e+144
9.3713e+144
8.93133e+144
8.51152e+144
8.11081e+144
7.72819e+144
7.36265e+144
7.0132e+144
6.67884e+144
6.35857e+144
6.05137e+144
5.75616e+144
5.47185e+144
5.19722e+144
4.931e+144
4.67177e+144
4.41796e+144
4.16782e+144
3.91937e+144
3.67038e+144
3.41833e+144
3.16044e+144
2.89366e+144
2.61486e+144
2.32111e+144
2.01029e+144
1.68226e+144
1.34094e+144
9.97427e+143
6.73351e+143
4.00085e+143
2.04906e+143
8.98117e+142
3.3707e+142
1.08462e+142
2.98707e+141
7.00197e+140
1.38525e+140
2.28992e+139
3.13025e+138
3.50314e+137
3.18044e+136
2.32359e+135
1.35663e+134
6.29295e+132
2.30798e+131
6.66608e+129
1.5114e+128
2.68311e+126
3.72187e+124
4.02756e+122
3.39566e+120
2.22829e+118
1.1372e+116
0
2.02626e+145
1.93148e+145
1.84113e+145
1.755e+145
1.67289e+145
1.59461e+145
1.51999e+145
1.44883e+145
1.38099e+145
1.31629e+145
1.2546e+145
1.19575e+145
1.13961e+145
1.08604e+145
1.03492e+145
9.86094e+144
9.39452e+144
8.94863e+144
8.522e+144
8.11334e+144
7.72136e+144
7.34469e+144
6.98191e+144
6.63149e+144
6.2918e+144
5.96103e+144
5.63717e+144
5.318e+144
5.00099e+144
4.68328e+144
4.36167e+144
4.03259e+144
3.69218e+144
3.33644e+144
2.96161e+144
2.565e+144
2.14643e+144
1.7109e+144
1.27255e+144
8.59024e+143
5.10354e+143
2.61352e+143
1.14542e+143
4.29856e+142
1.38313e+142
3.80912e+141
8.92884e+140
1.76645e+140
2.92007e+139
3.99163e+138
4.46714e+137
4.05563e+136
2.963e+135
1.72995e+134
8.02466e+132
2.94309e+131
8.50046e+129
1.92731e+128
3.42146e+126
4.74606e+124
5.13587e+122
4.33008e+120
2.84148e+118
1.45013e+116
0
2.54203e+145
2.42313e+145
2.30978e+145
2.20173e+145
2.09872e+145
2.00051e+145
1.90689e+145
1.81762e+145
1.73251e+145
1.65135e+145
1.57395e+145
1.50012e+145
1.42969e+145
1.36249e+145
1.29835e+145
1.2371e+145
1.17858e+145
1.12264e+145
1.06912e+145
1.01785e+145
9.68678e+144
9.21422e+144
8.75909e+144
8.31948e+144
7.89332e+144
7.47835e+144
7.07206e+144
6.67164e+144
6.27392e+144
5.87534e+144
5.47186e+144
5.05901e+144
4.63194e+144
4.18563e+144
3.71538e+144
3.21778e+144
2.69264e+144
2.1462e+144
1.59624e+144
1.07742e+144
6.40012e+143
3.27698e+143
1.43601e+143
5.38863e+142
1.73379e+142
4.77469e+141
1.11921e+141
2.21418e+140
3.6602e+139
5.00336e+138
5.59939e+137
5.08358e+136
3.71401e+135
2.16843e+134
1.00586e+133
3.68905e+131
1.0655e+130
2.4158e+128
4.28867e+126
5.94901e+124
6.43761e+122
5.42759e+120
3.56168e+118
1.81769e+116
0
3.15046e+145
3.0031e+145
2.86262e+145
2.72871e+145
2.60104e+145
2.47933e+145
2.3633e+145
2.25267e+145
2.14718e+145
2.04659e+145
1.95067e+145
1.85917e+145
1.77189e+145
1.6886e+145
1.6091e+145
1.53319e+145
1.46067e+145
1.39135e+145
1.32501e+145
1.26147e+145
1.20053e+145
1.14196e+145
1.08555e+145
1.03107e+145
9.78254e+144
9.26824e+144
8.7647e+144
8.26844e+144
7.77552e+144
7.28153e+144
6.78146e+144
6.26979e+144
5.74048e+144
5.18733e+144
4.60449e+144
3.98776e+144
3.33687e+144
2.65957e+144
1.9779e+144
1.33485e+144
7.92774e+143
4.05829e+143
1.77807e+143
6.6714e+142
2.14637e+142
5.91067e+141
1.38546e+141
2.74091e+140
4.5309e+139
6.19357e+138
6.93139e+137
6.29287e+136
4.5975e+135
2.68426e+134
1.24514e+133
4.5666e+131
1.31896e+130
2.99048e+128
5.30886e+126
7.36417e+124
7.969e+122
6.71871e+120
4.40894e+118
2.25008e+116
0
3.86956e+145
3.68857e+145
3.51603e+145
3.35155e+145
3.19474e+145
3.04525e+145
2.90273e+145
2.76685e+145
2.63728e+145
2.51374e+145
2.39591e+145
2.28353e+145
2.17633e+145
2.07403e+145
1.97639e+145
1.88315e+145
1.79408e+145
1.70893e+145
1.62745e+145
1.54941e+145
1.47455e+145
1.40262e+145
1.33333e+145
1.26641e+145
1.20154e+145
1.13837e+145
1.07652e+145
1.01557e+145
9.55023e+144
8.94347e+144
8.32924e+144
7.70075e+144
7.0506e+144
6.37115e+144
5.65522e+144
4.89765e+144
4.0981e+144
3.2661e+144
2.42871e+144
1.63879e+144
9.73024e+143
4.97957e+143
2.18119e+143
8.18258e+142
2.6323e+142
7.24846e+141
1.699e+141
3.36116e+140
5.55619e+139
7.5951e+138
8.49986e+137
7.71686e+136
5.63785e+135
3.29167e+134
1.52689e+133
5.59996e+131
1.61743e+130
3.66718e+128
6.51018e+126
9.03058e+124
9.77227e+122
8.23906e+120
5.40662e+118
2.75924e+116
0
4.72081e+145
4.5e+145
4.2895e+145
4.08883e+145
3.89753e+145
3.71516e+145
3.54129e+145
3.37551e+145
3.21745e+145
3.06672e+145
2.92298e+145
2.78588e+145
2.65508e+145
2.53028e+145
2.41116e+145
2.29741e+145
2.18875e+145
2.08486e+145
1.98546e+145
1.89025e+145
1.79892e+145
1.71117e+145
1.62664e+145
1.545e+145
1.46585e+145
1.38879e+145
1.31333e+145
1.23896e+145
1.1651e+145
1.09107e+145
1.01614e+145
9.39457e+144
8.60135e+144
7.77237e+144
6.89887e+144
5.97453e+144
4.99895e+144
3.98372e+144
2.96191e+144
1.99808e+144
1.18592e+144
6.06676e+143
2.65655e+143
9.96366e+142
3.20485e+142
8.82448e+141
2.06834e+141
4.09179e+140
6.76392e+139
9.246e+138
1.03474e+138
9.39422e+136
6.86331e+135
4.00715e+134
1.85878e+133
6.81718e+131
1.96899e+130
4.46429e+128
7.92525e+126
1.09935e+125
1.18964e+123
1.00299e+121
6.58181e+118
3.359e+116
0
5.72976e+145
5.46175e+145
5.20627e+145
4.96271e+145
4.73053e+145
4.50918e+145
4.29814e+145
4.09694e+145
3.90509e+145
3.72215e+145
3.54769e+145
3.38128e+145
3.22254e+145
3.07106e+145
2.92648e+145
2.78842e+145
2.65653e+145
2.53044e+145
2.4098e+145
2.29424e+145
2.18339e+145
2.07688e+145
1.97429e+145
1.87519e+145
1.77913e+145
1.68559e+145
1.59401e+145
1.50374e+145
1.41409e+145
1.32424e+145
1.23328e+145
1.14021e+145
1.04392e+145
9.43298e+144
8.37266e+144
7.25059e+144
6.06626e+144
4.83375e+144
3.59321e+144
2.42315e+144
1.43753e+144
7.35008e+143
3.21711e+143
1.20626e+143
3.8793e+142
1.06806e+142
2.50329e+141
4.95215e+140
8.18609e+139
1.119e+139
1.2523e+138
1.13694e+137
8.30634e+135
4.84967e+134
2.2496e+133
8.25052e+131
2.38298e+130
5.40292e+128
9.59156e+126
1.33049e+125
1.43977e+123
1.21387e+121
7.96566e+118
4.06524e+116
0
6.92688e+145
6.60289e+145
6.29402e+145
5.99958e+145
5.71889e+145
5.45129e+145
5.19616e+145
4.95292e+145
4.72099e+145
4.49982e+145
4.28891e+145
4.08774e+145
3.89582e+145
3.7127e+145
3.53791e+145
3.37101e+145
3.21156e+145
3.05913e+145
2.91328e+145
2.77357e+145
2.63956e+145
2.51079e+145
2.38676e+145
2.26697e+145
2.15083e+145
2.03774e+145
1.92702e+145
1.8179e+145
1.7095e+145
1.60087e+145
1.4909e+145
1.37838e+145
1.26197e+145
1.1403e+145
1.01209e+145
8.76413e+144
7.33197e+144
5.84146e+144
4.34119e+144
2.92629e+144
1.73491e+144
8.8645e+143
3.87776e+143
1.4534e+143
4.67306e+142
1.28645e+142
3.01498e+141
5.96426e+140
9.85904e+139
1.34768e+139
1.50822e+138
1.36928e+137
1.00038e+136
5.84074e+134
2.70932e+133
9.93658e+131
2.86996e+130
6.50705e+128
1.15517e+127
1.60239e+125
1.73399e+123
1.46194e+121
9.59351e+118
4.89601e+116
0
8.34852e+145
7.95803e+145
7.58577e+145
7.2309e+145
6.8926e+145
6.57008e+145
6.26259e+145
5.96943e+145
5.68989e+145
5.42334e+145
5.16914e+145
4.92668e+145
4.69538e+145
4.47467e+145
4.26401e+145
4.06285e+145
3.87068e+145
3.68696e+145
3.51117e+145
3.34279e+145
3.18128e+145
3.02608e+145
2.87659e+145
2.7322e+145
2.59223e+145
2.45593e+145
2.32248e+145
2.19095e+145
2.0603e+145
1.92937e+145
1.79682e+145
1.66118e+145
1.52086e+145
1.3742e+145
1.21964e+145
1.05607e+145
8.83402e+144
7.03682e+144
5.22779e+144
3.52188e+144
2.08626e+144
1.06501e+144
4.6554e+143
1.74398e+143
5.60564e+142
1.54294e+142
3.61584e+141
7.15266e+140
1.18234e+140
1.61619e+139
1.80871e+138
1.64209e+137
1.19969e+136
7.0044e+134
3.2491e+133
1.19163e+132
3.44175e+130
7.80346e+128
1.38531e+127
1.92163e+125
2.07946e+123
1.7532e+121
1.15048e+119
5.87144e+116
0
1.0038e+146
9.56847e+145
9.12089e+145
8.6942e+145
8.28744e+145
7.89965e+145
7.52994e+145
7.17744e+145
6.84134e+145
6.52085e+145
6.2152e+145
5.92368e+145
5.64557e+145
5.38019e+145
5.1269e+145
4.88503e+145
4.65397e+145
4.43306e+145
4.2217e+145
4.01925e+145
3.82505e+145
3.63843e+145
3.45869e+145
3.28508e+145
3.11677e+145
2.95288e+145
2.79241e+145
2.63426e+145
2.47716e+145
2.31972e+145
2.16032e+145
1.99721e+145
1.82847e+145
1.65209e+145
1.4662e+145
1.26946e+145
1.06175e+145
8.45534e+144
6.27884e+144
4.22676e+144
2.50104e+144
1.27523e+144
5.56885e+143
2.08477e+143
6.69843e+142
1.84336e+142
4.31944e+141
8.54415e+140
1.41232e+140
1.93056e+139
2.16052e+138
1.96149e+137
1.43304e+136
8.36682e+134
3.88108e+133
1.42341e+132
4.1112e+130
9.32131e+128
1.65477e+127
2.29541e+125
2.48393e+123
2.09422e+121
1.37426e+119
7.0135e+116
0
1.2047e+146
1.14835e+146
1.09463e+146
1.04343e+146
9.94608e+145
9.48068e+145
9.03697e+145
8.61393e+145
8.21056e+145
7.82592e+145
7.45911e+145
7.10923e+145
6.77546e+145
6.45698e+145
6.15298e+145
5.86271e+145
5.58539e+145
5.32028e+145
5.06661e+145
4.82363e+145
4.59056e+145
4.36659e+145
4.15087e+145
3.9425e+145
3.7405e+145
3.5438e+145
3.3512e+145
3.16138e+145
2.97282e+145
2.78384e+145
2.59252e+145
2.39673e+145
2.19416e+145
1.98242e+145
1.75925e+145
1.52301e+145
1.27358e+145
1.0139e+145
7.5247e+144
5.06039e+144
2.98995e+144
1.52215e+144
6.63856e+143
2.48306e+143
7.97409e+142
2.19383e+142
5.14006e+141
1.01668e+141
1.68051e+140
2.29714e+139
2.57076e+138
2.33393e+137
1.70514e+136
9.9555e+134
4.61801e+133
1.69368e+132
4.89183e+130
1.10912e+129
1.96897e+127
2.73126e+125
2.95558e+123
2.49187e+121
1.63521e+119
8.3452e+116
0
1.44372e+146
1.37619e+146
1.31182e+146
1.25045e+146
1.19195e+146
1.13617e+146
1.083e+146
1.0323e+146
9.83962e+145
9.37866e+145
8.93906e+145
8.51977e+145
8.11977e+145
7.73809e+145
7.37378e+145
7.02591e+145
6.69357e+145
6.37585e+145
6.07184e+145
5.78065e+145
5.50132e+145
5.23291e+145
4.97438e+145
4.72465e+145
4.48256e+145
4.24681e+145
4.01598e+145
3.78847e+145
3.56247e+145
3.33596e+145
3.10663e+145
2.87194e+145
2.6291e+145
2.37525e+145
2.10768e+145
1.82439e+145
1.52523e+145
1.21372e+145
9.00084e+144
6.04516e+144
3.56498e+144
1.81118e+144
7.88589e+143
2.94626e+143
9.45533e+142
2.60046e+142
6.0918e+141
1.20485e+141
1.99149e+140
2.72219e+139
3.04643e+138
2.76578e+137
2.02064e+136
1.17976e+135
5.47248e+133
2.00706e+132
5.79696e+130
1.31434e+129
2.33329e+127
3.23662e+125
3.50245e+123
2.95293e+121
1.93777e+119
9.88931e+116
0
1.72825e+146
1.64741e+146
1.57035e+146
1.49689e+146
1.42685e+146
1.36009e+146
1.29643e+146
1.23574e+146
1.17788e+146
1.1227e+146
1.07007e+146
1.01988e+146
9.71996e+145
9.26306e+145
8.82695e+145
8.41052e+145
8.01267e+145
7.63233e+145
7.26841e+145
6.91981e+145
6.58543e+145
6.2641e+145
5.9546e+145
5.65564e+145
5.36582e+145
5.08358e+145
4.80723e+145
4.53484e+145
4.26427e+145
3.99305e+145
3.71846e+145
3.43743e+145
3.14663e+145
2.8426e+145
2.52208e+145
2.1827e+145
1.8242e+145
1.45082e+145
1.07484e+145
7.20647e+144
4.23913e+144
2.14794e+144
9.33168e+143
3.48128e+143
1.11628e+143
3.0687e+142
7.1872e+141
1.42138e+141
2.3493e+140
3.21124e+139
3.59371e+138
3.26264e+137
2.38364e+136
1.39169e+135
6.45559e+133
2.36762e+132
6.83836e+130
1.55046e+129
2.75246e+127
3.81806e+125
4.13165e+123
3.48342e+121
2.28588e+119
1.16659e+117
0
2.06708e+146
1.9704e+146
1.87823e+146
1.79036e+146
1.7066e+146
1.62674e+146
1.55061e+146
1.47802e+146
1.40881e+146
1.34281e+146
1.27987e+146
1.21983e+146
1.16256e+146
1.10791e+146
1.05575e+146
1.00594e+146
9.58357e+145
9.12865e+145
8.69336e+145
8.27641e+145
7.87645e+145
7.4921e+145
7.1219e+145
6.7643e+145
6.41761e+145
6.08e+145
5.74942e+145
5.42357e+145
5.09988e+145
4.7754e+145
4.44687e+145
4.1106e+145
3.76261e+145
3.39874e+145
3.01507e+145
2.60872e+145
2.17936e+145
1.73202e+145
1.2815e+145
8.57255e+144
5.02601e+144
2.53773e+144
1.09938e+144
4.09351e+143
1.31114e+143
3.60232e+142
8.43477e+141
1.66791e+141
2.75666e+140
3.76799e+139
4.21675e+138
3.82828e+137
2.79689e+136
1.63297e+135
7.57477e+133
2.77809e+132
8.02389e+130
1.81925e+129
3.22964e+127
4.47998e+125
4.84793e+123
4.08732e+121
2.68217e+119
1.36883e+117
0
2.47079e+146
2.35522e+146
2.24505e+146
2.14003e+146
2.0399e+146
1.94445e+146
1.85345e+146
1.76668e+146
1.68395e+146
1.60506e+146
1.52983e+146
1.45807e+146
1.38961e+146
1.32429e+146
1.26194e+146
1.2024e+146
1.14552e+146
1.09114e+146
1.03911e+146
9.89268e+145
9.41458e+145
8.95513e+145
8.51259e+145
8.0851e+145
7.67066e+145
7.26705e+145
6.87183e+145
6.48225e+145
6.09523e+145
5.70726e+145
5.31439e+145
4.91224e+145
4.49602e+145
4.06072e+145
3.60164e+145
3.11526e+145
2.60114e+145
2.06527e+145
1.52544e+145
1.01739e+145
5.93875e+144
2.98484e+144
1.28828e+144
4.78505e+143
1.53046e+143
4.20183e+142
9.83519e+141
1.94456e+141
3.2137e+140
4.3926e+139
4.91571e+138
4.46283e+137
3.26048e+136
1.90364e+135
8.83031e+133
3.23857e+132
9.35388e+130
2.1208e+129
3.76496e+127
5.22256e+125
5.65149e+123
4.76481e+121
3.12675e+119
1.59572e+117
0
2.95203e+146
2.81395e+146
2.68232e+146
2.55684e+146
2.43722e+146
2.32317e+146
2.21444e+146
2.11078e+146
2.01193e+146
1.91768e+146
1.82779e+146
1.74205e+146
1.66026e+146
1.58221e+146
1.50772e+146
1.43658e+146
1.36862e+146
1.30365e+146
1.24148e+146
1.18193e+146
1.1248e+146
1.0699e+146
1.01702e+146
9.6594e+145
9.16415e+145
8.68184e+145
8.20953e+145
7.74394e+145
7.28137e+145
6.81763e+145
6.34799e+145
5.8672e+145
5.36949e+145
4.84886e+145
4.29962e+145
3.71748e+145
3.10182e+145
2.45975e+145
1.81271e+145
1.2042e+145
6.98833e+144
3.49117e+144
1.49957e+144
5.55209e+143
1.77255e+143
4.86197e+142
1.13755e+142
2.24868e+141
3.71604e+140
5.07908e+139
5.68389e+138
5.16022e+137
3.76998e+136
2.2011e+135
1.02102e+134
3.74463e+132
1.08155e+131
2.45221e+129
4.35329e+127
6.03865e+125
6.53462e+123
5.50937e+121
3.61535e+119
1.84508e+117
0
3.52599e+146
3.36106e+146
3.20384e+146
3.05396e+146
2.91108e+146
2.77486e+146
2.64499e+146
2.52117e+146
2.40311e+146
2.29053e+146
2.18316e+146
2.08075e+146
1.98306e+146
1.88983e+146
1.80085e+146
1.71588e+146
1.6347e+146
1.55709e+146
1.48283e+146
1.41169e+146
1.34345e+146
1.27787e+146
1.2147e+146
1.15368e+146
1.09451e+146
1.03689e+146
9.8046e+145
9.24827e+145
8.69551e+145
8.1413e+145
7.57997e+145
7.00521e+145
6.41009e+145
5.7874e+145
5.13021e+145
4.4333e+145
3.69577e+145
2.92601e+145
2.14989e+145
1.42064e+145
8.18032e+144
4.05414e+144
1.73047e+144
6.38077e+143
2.03237e+143
5.56809e+142
1.30205e+142
2.57327e+141
4.25204e+140
5.81149e+139
6.50343e+138
5.90423e+137
4.31353e+136
2.51846e+135
1.16823e+134
4.28453e+132
1.23749e+131
2.80576e+129
4.98094e+127
6.9093e+125
7.47677e+123
6.30371e+121
4.13661e+119
2.1111e+117
0
4.21097e+146
4.01401e+146
3.82625e+146
3.64725e+146
3.47661e+146
3.31393e+146
3.15883e+146
3.01095e+146
2.86995e+146
2.7355e+146
2.60727e+146
2.48496e+146
2.36829e+146
2.25695e+146
2.15068e+146
2.0492e+146
1.95224e+146
1.85955e+146
1.77085e+146
1.68589e+146
1.60438e+146
1.52605e+146
1.4506e+146
1.3777e+146
1.30702e+146
1.23818e+146
1.17076e+146
1.10429e+146
1.03824e+146
9.72004e+145
9.04908e+145
8.36191e+145
7.65022e+145
6.90526e+145
6.11865e+145
5.2839e+145
4.39971e+145
3.47593e+145
2.54384e+145
1.669e+145
9.50954e+144
4.66317e+144
1.9742e+144
7.24124e+143
2.29965e+143
6.29101e+142
1.4701e+142
2.90455e+141
4.7989e+140
6.55863e+139
7.33942e+138
6.66315e+137
4.86798e+136
2.84217e+135
1.31839e+134
4.83525e+132
1.39656e+131
3.16641e+129
5.62118e+127
7.7974e+125
8.43781e+123
7.11397e+121
4.66831e+119
2.38245e+117
0
5.02908e+146
4.79384e+146
4.5696e+146
4.35583e+146
4.15204e+146
3.95775e+146
3.77252e+146
3.59591e+146
3.42751e+146
3.26693e+146
3.11379e+146
2.96772e+146
2.82837e+146
2.6954e+146
2.56848e+146
2.44727e+146
2.33147e+146
2.22076e+146
2.11483e+146
2.01334e+146
1.91599e+146
1.82242e+146
1.73229e+146
1.64521e+146
1.56077e+146
1.47852e+146
1.39796e+146
1.31853e+146
1.23958e+146
1.16041e+146
1.08019e+146
9.98012e+145
9.12869e+145
8.23704e+145
7.2949e+145
6.29422e+145
5.233e+145
4.1227e+145
3.00122e+145
1.94998e+145
1.09508e+145
5.29422e+144
2.21756e+144
8.07935e+143
2.5563e+143
6.98022e+142
1.62978e+142
3.2189e+141
5.31753e+140
7.26705e+139
8.13202e+138
7.38267e+137
5.39364e+136
3.14908e+135
1.46075e+134
5.35737e+132
1.54736e+131
3.50832e+129
6.22816e+127
8.63937e+125
9.34894e+123
7.88215e+121
5.17241e+119
2.63971e+117
0
6.00706e+146
5.72608e+146
5.45823e+146
5.20289e+146
4.95946e+146
4.72739e+146
4.50614e+146
4.29518e+146
4.09404e+146
3.90223e+146
3.7193e+146
3.54482e+146
3.37836e+146
3.21953e+146
3.06791e+146
2.92313e+146
2.7848e+146
2.65254e+146
2.52599e+146
2.40475e+146
2.28844e+146
2.17665e+146
2.06896e+146
1.96491e+146
1.86401e+146
1.76571e+146
1.66943e+146
1.57448e+146
1.4801e+146
1.38542e+146
1.28947e+146
1.19114e+146
1.08922e+146
9.82413e+145
8.69468e+145
7.49363e+145
6.21788e+145
4.88053e+145
3.5275e+145
2.26109e+145
1.2443e+145
5.90134e+144
2.43765e+144
8.80565e+143
2.77325e+143
7.55547e+142
1.76229e+142
3.47912e+141
5.74642e+140
7.85269e+139
8.78716e+138
7.97738e+137
5.82811e+136
3.40274e+135
1.57841e+134
5.78891e+132
1.672e+131
3.79092e+129
6.72984e+127
9.33528e+125
1.0102e+124
8.51706e+121
5.58905e+119
2.85235e+117
0
7.1775e+146
6.84178e+146
6.52174e+146
6.21664e+146
5.92578e+146
5.64849e+146
5.38412e+146
5.13206e+146
4.89172e+146
4.66253e+146
4.44396e+146
4.23547e+146
4.03658e+146
3.84678e+146
3.66561e+146
3.4926e+146
3.3273e+146
3.16926e+146
3.01802e+146
2.87313e+146
2.73412e+146
2.60051e+146
2.47179e+146
2.34741e+146
2.22679e+146
2.10927e+146
1.99413e+146
1.88057e+146
1.76767e+146
1.65439e+146
1.53954e+146
1.4218e+146
1.29968e+146
1.17163e+146
1.03605e+146
8.91662e+145
7.37965e+145
5.76404e+145
4.12531e+145
2.59371e+145
1.38621e+145
6.40379e+144
2.59747e+144
9.28266e+143
2.90697e+143
7.89821e+142
1.84e+142
3.63068e+141
5.99555e+140
8.19251e+139
9.16718e+138
8.3223e+137
6.08008e+136
3.54985e+135
1.64665e+134
6.03918e+132
1.74428e+131
3.95481e+129
7.02079e+127
9.73887e+125
1.05387e+124
8.88528e+121
5.83068e+119
2.97566e+117
0
8.58027e+146
8.17893e+146
7.79634e+146
7.43162e+146
7.08391e+146
6.75242e+146
6.43638e+146
6.13505e+146
5.84773e+146
5.57374e+146
5.31244e+146
5.0632e+146
4.82541e+146
4.5985e+146
4.38191e+146
4.17506e+146
3.97743e+146
3.78847e+146
3.60764e+146
3.43439e+146
3.26816e+146
3.10838e+146
2.95443e+146
2.80566e+146
2.66137e+146
2.52077e+146
2.383e+146
2.24708e+146
2.11193e+146
1.97627e+146
1.83868e+146
1.69756e+146
1.55109e+146
1.39734e+146
1.23434e+146
1.06039e+146
8.7469e+145
6.78731e+145
4.7915e+145
2.9278e+145
1.4973e+145
6.66771e+144
2.64103e+144
9.31346e+143
2.89695e+143
7.84598e+142
1.82527e+142
3.59954e+141
5.94278e+140
8.11973e+139
9.08546e+138
8.24803e+137
6.0258e+136
3.51815e+135
1.63195e+134
5.98525e+132
1.72871e+131
3.91949e+129
6.9581e+127
9.6519e+125
1.04446e+124
8.80593e+121
5.77861e+119
2.94909e+117
0
1.02645e+147
9.78434e+146
9.32665e+146
8.89033e+146
8.47437e+146
8.07781e+146
7.69973e+146
7.33925e+146
6.99552e+146
6.66774e+146
6.35513e+146
6.05695e+146
5.77247e+146
5.501e+146
5.24186e+146
4.99438e+146
4.75791e+146
4.53181e+146
4.31543e+146
4.10811e+146
3.90918e+146
3.71795e+146
3.53368e+146
3.3556e+146
3.18284e+146
3.01447e+146
2.84947e+146
2.68664e+146
2.52468e+146
2.36205e+146
2.19704e+146
2.02767e+146
1.85173e+146
1.66683e+146
1.47046e+146
1.26036e+146
1.03519e+146
7.96243e+145
5.51225e+145
3.22164e+145
1.53432e+145
6.48256e+144
2.4898e+144
8.64038e+143
2.66682e+143
7.19723e+142
1.6718e+142
3.29482e+141
5.43836e+140
7.42986e+139
8.31327e+138
7.54693e+137
5.51358e+136
3.21909e+135
1.49322e+134
5.47647e+132
1.58176e+131
3.58631e+129
6.36661e+127
8.83143e+125
9.55677e+123
8.05737e+121
5.28739e+119
2.6984e+117
0
1.2291e+147
1.17161e+147
1.1168e+147
1.06456e+147
1.01475e+147
9.67261e+146
9.21987e+146
8.78821e+146
8.3766e+146
7.98409e+146
7.60974e+146
7.25266e+146
6.91199e+146
6.58688e+146
6.27653e+146
5.98014e+146
5.69693e+146
5.42613e+146
5.16694e+146
4.9186e+146
4.68029e+146
4.45117e+146
4.23037e+146
4.01695e+146
3.80988e+146
3.60804e+146
3.41018e+146
3.21488e+146
3.02053e+146
2.82531e+146
2.62712e+146
2.42354e+146
2.21186e+146
1.98907e+146
1.75195e+146
1.49741e+146
1.2232e+146
9.2983e+145
6.25542e+145
3.39086e+145
1.41797e+145
5.54078e+144
2.04635e+144
6.97285e+143
2.13449e+143
5.73984e+142
1.33124e+142
2.62203e+141
4.32684e+140
5.91078e+139
6.61336e+138
6.00366e+137
4.38609e+136
2.5608e+135
1.18787e+134
4.35656e+132
1.2583e+131
2.85293e+129
5.06468e+127
7.02545e+125
7.60247e+123
6.40969e+121
4.20615e+119
2.14659e+117
0
1.47361e+147
1.40469e+147
1.33898e+147
1.27634e+147
1.21662e+147
1.15968e+147
1.1054e+147
1.05365e+147
1.00429e+147
9.57232e+146
9.12347e+146
8.69531e+146
8.28682e+146
7.89698e+146
7.52483e+146
7.16941e+146
6.82977e+146
6.50499e+146
6.19412e+146
5.89624e+146
5.61036e+146
5.33548e+146
5.07054e+146
4.81441e+146
4.56586e+146
4.32353e+146
4.08591e+146
3.85129e+146
3.61773e+146
3.383e+146
3.14454e+146
2.89941e+146
2.64424e+146
2.37523e+146
2.0882e+146
1.77885e+146
1.44335e+146
1.08023e+146
6.96109e+145
3.2615e+145
1.00074e+145
3.45974e+144
1.21952e+144
4.08038e+143
1.23983e+143
3.32376e+142
7.69906e+141
1.51565e+141
2.50062e+140
3.41578e+139
3.8217e+138
3.46934e+137
2.53458e+136
1.47981e+135
6.86429e+133
2.51752e+132
7.27129e+130
1.64862e+129
2.92671e+127
4.05978e+125
4.39322e+123
3.70395e+121
2.4306e+119
1.24044e+117
0
1.76963e+147
1.68685e+147
1.60795e+147
1.53272e+147
1.46101e+147
1.39263e+147
1.32745e+147
1.26529e+147
1.20602e+147
1.1495e+147
1.0956e+147
1.04417e+147
9.95112e+146
9.4829e+146
9.0359e+146
8.60897e+146
8.20098e+146
7.81081e+146
7.43733e+146
7.07941e+146
6.73588e+146
6.40552e+146
6.08707e+146
5.77914e+146
5.48025e+146
5.18878e+146
4.90288e+146
4.6205e+146
4.33928e+146
4.0565e+146
3.76906e+146
3.47332e+146
3.1651e+146
2.83962e+146
2.49141e+146
2.11446e+146
1.7024e+146
1.24947e+146
7.54381e+145
2.45e+145
0
0
0
0
0
0
0
0
0
0
0
0
0
0
0
0
0
0
0
0
0
0
0
0
0
2.12944e+147
2.02984e+147
1.93489e+147
1.84437e+147
1.75807e+147
1.67579e+147
1.59734e+147
1.52255e+147
1.45122e+147
1.3832e+147
1.31833e+147
1.25645e+147
1.1974e+147
1.14104e+147
1.08724e+147
1.03585e+147
9.86742e+146
9.39771e+146
8.94806e+146
8.51709e+146
8.10339e+146
7.7055e+146
7.32187e+146
6.95085e+146
6.59065e+146
6.23929e+146
5.89454e+146
5.55391e+146
5.21455e+146
4.87315e+146
4.52591e+146
4.16838e+146
3.7954e+146
3.40092e+146
2.97794e+146
2.51824e+146
2.01203e+146
1.44654e+146
7.99501e+145
0
0
0
0
0
0
0
0
0
0
0
0
0
0
0
0
0
0
0
0
0
0
0
0
0
0
2.56891e+147
2.44875e+147
2.3342e+147
2.22499e+147
2.12088e+147
2.02162e+147
1.92698e+147
1.83674e+147
1.75069e+147
1.66863e+147
1.59036e+147
1.51569e+147
1.44444e+147
1.37644e+147
1.31152e+147
1.2495e+147
1.19023e+147
1.13354e+147
1.07926e+147
1.02723e+147
9.77279e+146
9.29229e+146
8.82893e+146
8.38071e+146
7.94545e+146
7.52076e+146
7.10394e+146
6.69198e+146
6.2814e+146
5.8682e+146
5.44775e+146
5.01462e+146
4.56247e+146
4.08385e+146
3.56998e+146
3.01048e+146
2.39281e+146
1.70116e+146
9.13863e+145
0
0
0
0
0
0
0
0
0
0
0
0
0
0
0
0
0
0
0
0
0
0
0
0
0
0
3.10859e+147
2.96318e+147
2.82457e+147
2.69242e+147
2.56643e+147
2.44631e+147
2.33178e+147
2.22258e+147
2.11844e+147
2.01913e+147
1.9244e+147
1.83403e+147
1.74779e+147
1.66549e+147
1.5869e+147
1.51182e+147
1.44007e+147
1.37142e+147
1.3057e+147
1.24269e+147
1.18218e+147
1.12397e+147
1.06783e+147
1.01351e+147
9.60743e+146
9.09248e+146
8.58695e+146
8.08718e+146
7.58895e+146
7.08743e+146
6.57698e+146
6.05104e+146
5.50188e+146
4.92047e+146
4.29613e+146
3.61629e+146
2.86605e+146
2.02766e+146
1.08004e+146
0
0
0
0
0
0
0
0
0
0
0
0
0
0
0
0
0
0
0
0
0
0
0
0
0
0
3.77533e+147
3.59874e+147
3.43039e+147
3.2699e+147
3.11688e+147
2.97099e+147
2.83189e+147
2.69925e+147
2.57277e+147
2.45214e+147
2.33707e+147
2.22729e+147
2.12254e+147
2.02255e+147
1.92707e+147
1.83585e+147
1.74865e+147
1.66523e+147
1.58535e+147
1.50875e+147
1.43519e+147
1.36441e+147
1.29613e+147
1.23004e+147
1.16584e+147
1.10317e+147
1.04164e+147
9.80787e+146
9.20117e+146
8.59039e+146
7.96873e+146
7.32823e+146
6.65959e+146
5.9519e+146
5.19235e+146
4.36591e+146
3.45506e+146
2.43947e+146
1.29605e+146
0
0
0
0
0
0
0
0
0
0
0
0
0
0
0
0
0
0
0
0
0
0
0
0
0
0
4.60428e+147
4.38891e+147
4.18359e+147
3.98785e+147
3.80123e+147
3.6233e+147
3.45365e+147
3.29187e+147
3.13759e+147
2.99045e+147
2.8501e+147
2.71618e+147
2.58839e+147
2.4664e+147
2.34991e+147
2.23861e+147
2.1322e+147
2.0304e+147
1.93289e+147
1.83939e+147
1.74957e+147
1.66313e+147
1.57973e+147
1.49899e+147
1.42054e+147
1.34395e+147
1.26872e+147
1.19432e+147
1.12014e+147
1.04546e+147
9.69459e+146
8.91176e+146
8.09489e+146
7.23084e+146
6.30424e+146
5.29712e+146
4.18862e+146
2.95474e+146
1.5684e+146
0
0
0
0
0
0
0
0
0
0
0
0
0
0
0
0
0
0
0
0
0
0
0
0
0
0
5.64129e+147
5.37742e+147
5.12585e+147
4.88602e+147
4.65736e+147
4.43934e+147
4.23146e+147
4.03322e+147
3.84418e+147
3.66386e+147
3.49186e+147
3.32774e+147
3.17112e+147
3.0216e+147
2.87881e+147
2.74236e+147
2.61191e+147
2.48707e+147
2.3675e+147
2.25281e+147
2.14263e+147
2.03657e+147
1.93421e+147
1.83511e+147
1.73879e+147
1.64473e+147
1.55233e+147
1.46095e+147
1.36982e+147
1.27809e+147
1.18476e+147
1.08866e+147
9.88444e+146
8.82521e+146
7.6904e+146
6.45838e+146
5.10408e+146
3.59864e+146
1.90935e+146
0
0
0
0
0
0
0
0
0
0
0
0
0
0
0
0
0
0
0
0
0
0
0
0
0
0
6.94599e+147
6.62108e+147
6.31133e+147
6.01602e+147
5.73446e+147
5.46601e+147
5.21002e+147
4.96592e+147
4.73312e+147
4.51106e+147
4.29923e+147
4.09711e+147
3.9042e+147
3.72002e+147
3.54412e+147
3.37602e+147
3.21528e+147
3.06145e+147
2.91407e+147
2.7727e+147
2.63686e+147
2.50607e+147
2.37981e+147
2.25755e+147
2.13869e+147
2.0226e+147
1.90854e+147
1.79572e+147
1.68322e+147
1.56998e+147
1.4548e+147
1.33626e+147
1.21272e+147
1.08226e+147
9.42642e+146
7.91242e+146
6.25026e+146
4.40489e+146
2.33638e+146
0
0
0
0
0
0
0
0
0
0
0
0
0
0
0
0
0
0
0
0
0
0
0
0
0
0
8.59501e+147
8.19297e+147
7.80968e+147
7.44425e+147
7.09583e+147
6.76362e+147
6.44683e+147
6.14474e+147
5.85662e+147
5.5818e+147
5.31962e+147
5.06944e+147
4.83065e+147
4.60265e+147
4.38487e+147
4.17674e+147
3.97769e+147
3.78717e+147
3.60462e+147
3.42947e+147
3.26114e+147
3.09904e+147
2.94252e+147
2.79091e+147
2.6435e+147
2.49947e+147
2.35795e+147
2.21795e+147
2.07835e+147
1.93785e+147
1.79498e+147
1.64802e+147
1.49497e+147
1.3335e+147
1.16089e+147
9.73945e+146
7.68982e+146
5.41717e+146
2.87242e+146
0
0
0
0
0
0
0
0
0
0
0
0
0
0
0
0
0
0
0
0
0
0
0
0
0
0
1.06851e+148
1.01853e+148
9.70875e+147
9.25444e+147
8.82128e+147
8.40825e+147
8.0144e+147
7.6388e+147
7.28057e+147
6.93885e+147
6.61283e+147
6.30172e+147
6.00475e+147
5.72119e+147
5.4503e+147
5.19139e+147
4.94374e+147
4.70667e+147
4.47948e+147
4.26146e+147
4.05188e+147
3.85e+147
3.65504e+147
3.46615e+147
3.28242e+147
3.10289e+147
2.92644e+147
2.75187e+147
2.57779e+147
2.40261e+147
2.22454e+147
2.04146e+147
1.85095e+147
1.65016e+147
1.43576e+147
1.2039e+147
9.50051e+146
6.68971e+146
3.54599e+146
0
0
0
0
0
0
0
0
0
0
0
0
0
0
0
0
0
0
0
0
0
0
0
0
0
0
1.33336e+148
1.27099e+148
1.21152e+148
1.15483e+148
1.10077e+148
1.04923e+148
1.00008e+148
9.53201e+147
9.0849e+147
8.65839e+147
8.25145e+147
7.8631e+147
7.49237e+147
7.13834e+147
6.80011e+147
6.47678e+147
6.16749e+147
5.87135e+147
5.5875e+147
5.31505e+147
5.05309e+147
4.80069e+147
4.55687e+147
4.32057e+147
4.09067e+147
3.86595e+147
3.64505e+147
3.42647e+147
3.20849e+147
2.98917e+147
2.7663e+147
2.5373e+147
2.2992e+147
2.04854e+147
1.78127e+147
1.49267e+147
1.17723e+147
8.285e+146
4.38991e+146
0
0
0
0
0
0
0
0
0
0
0
0
0
0
0
0
0
0
0
0
0
0
0
0
0
0
1.66702e+148
1.58904e+148
1.51469e+148
1.44381e+148
1.37622e+148
1.31177e+148
1.25031e+148
1.1917e+148
1.13579e+148
1.08245e+148
1.03156e+148
9.82982e+147
9.3661e+147
8.92322e+147
8.50004e+147
8.09546e+147
7.70837e+147
7.33768e+147
6.98228e+147
6.64107e+147
6.31291e+147
5.99662e+147
5.69097e+147
5.39466e+147
5.10627e+147
4.82429e+147
4.54703e+147
4.27262e+147
3.99896e+147
3.72366e+147
3.44401e+147
3.15687e+147
2.85862e+147
2.54506e+147
2.21128e+147
1.85156e+147
1.45919e+147
1.02627e+147
5.43518e+146
0
0
0
0
0
0
0
0
0
0
0
0
0
0
0
0
0
0
0
0
0
0
0
0
0
0
2.0797e+148
1.98241e+148
1.88966e+148
1.80123e+148
1.7169e+148
1.63649e+148
1.5598e+148
1.48666e+148
1.41688e+148
1.35032e+148
1.2868e+148
1.22617e+148
1.16828e+148
1.11298e+148
1.06014e+148
1.00961e+148
9.61247e+147
9.14924e+147
8.70499e+147
8.27833e+147
7.86783e+147
7.47201e+147
7.08934e+147
6.71818e+147
6.35679e+147
6.00326e+147
5.65553e+147
5.31129e+147
4.96797e+147
4.62267e+147
4.2721e+147
3.91247e+147
3.53944e+147
3.14798e+147
2.73223e+147
2.28532e+147
1.79919e+147
1.26427e+147
6.69124e+146
0
0
0
0
0
0
0
0
0
0
0
0
0
0
0
0
0
0
0
0
0
0
0
0
0
0
2.5647e+148
2.44473e+148
2.33034e+148
2.22127e+148
2.11726e+148
2.01808e+148
1.92348e+148
1.83325e+148
1.74717e+148
1.66504e+148
1.58665e+148
1.51182e+148
1.44036e+148
1.37208e+148
1.30682e+148
1.24439e+148
1.18463e+148
1.12736e+148
1.07241e+148
1.01961e+148
9.6878e+147
9.19738e+147
8.72293e+147
8.26244e+147
7.81376e+147
7.37457e+147
6.94237e+147
6.51437e+147
6.0875e+147
5.65833e+147
5.22296e+147
4.77699e+147
4.31535e+147
3.83224e+147
3.32086e+147
2.77328e+147
2.18006e+147
1.52988e+147
8.08913e+146
0
0
0
0
0
0
0
0
0
0
0
0
0
0
0
0
0
0
0
0
0
0
0
0
0
0
3.05301e+148
2.9102e+148
2.77402e+148
2.64416e+148
2.52032e+148
2.40222e+148
2.28956e+148
2.18209e+148
2.07955e+148
1.98169e+148
1.88828e+148
1.79908e+148
1.71387e+148
1.63243e+148
1.55455e+148
1.48002e+148
1.40863e+148
1.34018e+148
1.27445e+148
1.21125e+148
1.15034e+148
1.09152e+148
1.03456e+148
9.79219e+147
9.25242e+147
8.7236e+147
8.20282e+147
7.68691e+147
7.17241e+147
6.65547e+147
6.13183e+147
5.59667e+147
5.04455e+147
4.46921e+147
3.86338e+147
3.21848e+147
2.52419e+147
1.76781e+147
9.33333e+146
0
0
0
0
0
0
0
0
0
0
0
0
0
0
0
0
0
0
0
0
0
0
0
0
0
0
3.28702e+148
3.13325e+148
2.98661e+148
2.84677e+148
2.71339e+148
2.58617e+148
2.46479e+148
2.34898e+148
2.23846e+148
2.13295e+148
2.03219e+148
1.93594e+148
1.84396e+148
1.756e+148
1.67182e+148
1.59121e+148
1.51392e+148
1.43974e+148
1.36843e+148
1.29978e+148
1.23353e+148
1.16947e+148
1.10733e+148
1.04687e+148
9.87819e+147
9.29897e+147
8.72806e+147
8.1623e+147
7.59829e+147
7.03233e+147
6.4604e+147
5.87804e+147
5.28026e+147
4.66137e+147
4.01474e+147
3.33242e+147
2.60459e+147
1.81869e+147
9.58097e+146
0
0
0
0
0
0
0
0
0
0
0
0
0
0
0
0
0
0
0
0
0
0
0
0
0
0
2.58361e+148
2.46274e+148
2.34746e+148
2.2375e+148
2.13261e+148
2.03254e+148
1.93704e+148
1.8459e+148
1.75888e+148
1.67578e+148
1.59638e+148
1.5205e+148
1.44792e+148
1.37846e+148
1.31194e+148
1.24816e+148
1.18694e+148
1.12811e+148
1.07147e+148
1.01685e+148
9.64049e+147
9.12892e+147
8.63184e+147
8.14729e+147
7.67326e+147
7.20768e+147
6.74841e+147
6.29324e+147
5.83986e+147
5.38585e+147
4.92864e+147
4.46545e+147
3.99324e+147
3.50853e+147
3.00721e+147
2.48419e+147
1.93291e+147
1.34446e+147
7.06261e+146
0
0
0
0
0
0
0
0
0
0
0
0
0
0
0
0
0
0
0
0
0
0
0
0
0
0
0
0
0
0
0
0
0
0
0
0
0
0
0
0
0
0
0
0
0
0
0
0
0
0
0
0
0
0
0
0
0
0
0
0
0
0
0
0
0
0
0
0
0
0
0
0
0
0
0
0
0
0
0
0
0
0
0
0
0
0
0
0
0
0
0
