0
0
0
0
0
0
0
0
0
0
0
0
0
0
0
0
0
0
0
0
0
0
0
0
0
0
0
0
0
0
0
0
0
0
2.22045e-15
3.10862e-15
4.44089e-15
5.32907e-15
4.44089e-15
6.21725e-15
8.88178e-15
8.88178e-15
1.06581e-14
1.24345e-14
1.06581e-14
1.06581e-14
1.77636e-14
1.77636e-14
3.19744e-14
2.13163e-14
2.4869e-14
2.84217e-14
3.55271e-14
4.9738e-14
5.68434e-14
6.39488e-14
7.10543e-14
5.68434e-14
1.13687e-13
1.13687e-13
1.42109e-13
1.98952e-13
2.55795e-13
2.27374e-13
2.55795e-13
0
0
3.10862e-15
5.77316e-15
7.99361e-15
8.88178e-15
9.76996e-15
1.06581e-14
1.5099e-14
1.77636e-14
1.77636e-14
2.13163e-14
2.13163e-14
2.13163e-14
2.84217e-14
2.84217e-14
5.32907e-14
3.55271e-14
4.61853e-14
5.68434e-14
7.10543e-14
8.52651e-14
1.06581e-13
1.13687e-13
1.13687e-13
9.9476e-14
1.98952e-13
1.98952e-13
2.41585e-13
3.97904e-13
4.83169e-13
3.69482e-13
4.54747e-13
0
0
4.88498e-15
8.88178e-15
1.06581e-14
1.42109e-14
1.5099e-14
1.59872e-14
2.13163e-14
2.4869e-14
2.30926e-14
2.66454e-14
3.19744e-14
2.84217e-14
4.26326e-14
3.90799e-14
6.75016e-14
5.32907e-14
6.75016e-14
8.52651e-14
1.06581e-13
1.27898e-13
1.49214e-13
1.7053e-13
1.7053e-13
1.7053e-13
2.84217e-13
3.12639e-13
3.69482e-13
5.11591e-13
6.53699e-13
4.83169e-13
5.40012e-13
0
0
5.32907e-15
1.06581e-14
1.33227e-14
1.68754e-14
1.95399e-14
2.22045e-14
2.4869e-14
2.84217e-14
2.84217e-14
3.01981e-14
3.90799e-14
3.73035e-14
5.32907e-14
4.9738e-14
7.81597e-14
6.39488e-14
8.17124e-14
1.13687e-13
1.27898e-13
1.42109e-13
1.7053e-13
1.91847e-13
2.27374e-13
1.98952e-13
3.2685e-13
3.83693e-13
4.12115e-13
5.68434e-13
7.67386e-13
5.40012e-13
5.40012e-13
0
0
5.32907e-15
1.15463e-14
1.5099e-14
1.86517e-14
2.13163e-14
2.30926e-14
2.66454e-14
3.19744e-14
3.19744e-14
3.55271e-14
4.08562e-14
4.61853e-14
5.68434e-14
4.9738e-14
7.81597e-14
7.10543e-14
8.17124e-14
1.20792e-13
1.27898e-13
1.35003e-13
1.7053e-13
1.84741e-13
2.55795e-13
1.98952e-13
3.55271e-13
4.26326e-13
4.26326e-13
5.68434e-13
7.38964e-13
5.11591e-13
4.83169e-13
0
0
5.32907e-15
1.15463e-14
1.68754e-14
2.04281e-14
2.39808e-14
2.66454e-14
2.84217e-14
3.37508e-14
3.55271e-14
4.08562e-14
4.61853e-14
5.32907e-14
6.03961e-14
5.68434e-14
8.52651e-14
7.81597e-14
8.52651e-14
1.20792e-13
1.35003e-13
1.49214e-13
1.84741e-13
1.98952e-13
2.55795e-13
1.98952e-13
3.55271e-13
4.40536e-13
4.26326e-13
5.96856e-13
7.10543e-13
4.83169e-13
4.26326e-13
0
0
7.99361e-15
1.42109e-14
2.04281e-14
2.4869e-14
2.84217e-14
3.01981e-14
3.19744e-14
3.55271e-14
4.08562e-14
4.44089e-14
5.15143e-14
5.68434e-14
6.39488e-14
7.10543e-14
9.23706e-14
8.17124e-14
9.23706e-14
1.27898e-13
1.27898e-13
1.56319e-13
1.91847e-13
2.13163e-13
2.70006e-13
2.13163e-13
3.69482e-13
4.68958e-13
4.26326e-13
6.25278e-13
7.10543e-13
5.11591e-13
4.26326e-13
0
0
8.88178e-15
1.68754e-14
2.22045e-14
3.01981e-14
3.37508e-14
3.37508e-14
3.73035e-14
4.26326e-14
4.61853e-14
4.9738e-14
6.03961e-14
6.39488e-14
7.4607e-14
8.52651e-14
9.9476e-14
9.9476e-14
1.06581e-13
1.35003e-13
1.35003e-13
1.56319e-13
1.98952e-13
2.27374e-13
2.84217e-13
2.41585e-13
3.83693e-13
5.11591e-13
4.26326e-13
6.53699e-13
6.82121e-13
5.40012e-13
4.26326e-13
0
0
9.76996e-15
1.95399e-14
2.66454e-14
3.37508e-14
3.90799e-14
4.08562e-14
4.26326e-14
4.61853e-14
5.15143e-14
5.68434e-14
6.39488e-14
7.10543e-14
7.4607e-14
8.88178e-14
1.03029e-13
1.10134e-13
1.20792e-13
1.35003e-13
1.27898e-13
1.42109e-13
1.84741e-13
2.13163e-13
2.55795e-13
2.55795e-13
3.83693e-13
5.11591e-13
4.26326e-13
6.53699e-13
6.82121e-13
5.96856e-13
4.54747e-13
0
0
1.06581e-14
2.4869e-14
3.19744e-14
4.08562e-14
4.61853e-14
4.44089e-14
4.9738e-14
5.32907e-14
5.50671e-14
6.39488e-14
6.75016e-14
7.4607e-14
8.52651e-14
8.88178e-14
1.03029e-13
1.20792e-13
1.27898e-13
1.35003e-13
1.27898e-13
1.27898e-13
1.7053e-13
1.98952e-13
2.13163e-13
2.41585e-13
3.83693e-13
5.11591e-13
4.26326e-13
5.96856e-13
5.96856e-13
5.96856e-13
4.54747e-13
0
0
1.06581e-14
2.30926e-14
3.37508e-14
4.26326e-14
4.79616e-14
5.15143e-14
5.32907e-14
5.86198e-14
6.03961e-14
6.75016e-14
6.75016e-14
7.81597e-14
8.88178e-14
9.23706e-14
1.06581e-13
1.35003e-13
1.35003e-13
1.20792e-13
1.20792e-13
1.06581e-13
1.56319e-13
1.98952e-13
1.84741e-13
2.27374e-13
3.69482e-13
4.54747e-13
3.97904e-13
5.68434e-13
5.40012e-13
5.68434e-13
5.11591e-13
0
0
1.24345e-14
2.4869e-14
3.55271e-14
4.61853e-14
5.15143e-14
5.15143e-14
5.68434e-14
6.03961e-14
6.39488e-14
6.75016e-14
7.10543e-14
7.81597e-14
8.88178e-14
9.9476e-14
1.1724e-13
1.35003e-13
1.35003e-13
1.13687e-13
1.13687e-13
8.52651e-14
1.35003e-13
1.84741e-13
1.42109e-13
1.98952e-13
3.2685e-13
3.83693e-13
3.69482e-13
4.83169e-13
4.26326e-13
5.11591e-13
4.83169e-13
0
0
1.24345e-14
2.66454e-14
3.90799e-14
4.61853e-14
4.9738e-14
5.32907e-14
6.03961e-14
5.68434e-14
6.03961e-14
6.75016e-14
7.81597e-14
8.17124e-14
9.23706e-14
1.06581e-13
1.20792e-13
1.27898e-13
1.20792e-13
1.06581e-13
9.9476e-14
7.10543e-14
1.13687e-13
1.42109e-13
9.9476e-14
1.56319e-13
2.41585e-13
2.84217e-13
2.84217e-13
3.97904e-13
3.12639e-13
4.26326e-13
4.54747e-13
0
0
1.24345e-14
2.84217e-14
4.26326e-14
5.68434e-14
5.68434e-14
5.68434e-14
6.03961e-14
6.03961e-14
6.39488e-14
7.10543e-14
8.17124e-14
8.52651e-14
9.59233e-14
1.13687e-13
1.20792e-13
1.20792e-13
1.13687e-13
9.9476e-14
7.81597e-14
4.26326e-14
7.10543e-14
7.10543e-14
5.68434e-14
9.9476e-14
1.27898e-13
1.7053e-13
1.7053e-13
2.55795e-13
1.98952e-13
2.55795e-13
2.55795e-13
0
0
7.10543e-15
2.4869e-14
3.90799e-14
5.68434e-14
6.75016e-14
7.10543e-14
7.10543e-14
7.4607e-14
7.4607e-14
7.4607e-14
8.17124e-14
8.17124e-14
9.23706e-14
1.06581e-13
1.06581e-13
1.06581e-13
9.9476e-14
7.81597e-14
3.55271e-14
0
0
0
0
0
0
0
0
0
0
0
0
0
0
1.42109e-14
3.19744e-14
4.61853e-14
6.03961e-14
6.39488e-14
6.75016e-14
7.10543e-14
7.4607e-14
7.81597e-14
8.52651e-14
9.23706e-14
9.23706e-14
9.9476e-14
1.06581e-13
1.06581e-13
9.9476e-14
9.23706e-14
5.68434e-14
0
0
0
0
0
0
0
0
0
0
0
0
0
0
0
1.77636e-14
3.90799e-14
5.68434e-14
7.4607e-14
8.17124e-14
8.52651e-14
8.52651e-14
9.9476e-14
1.06581e-13
1.13687e-13
1.20792e-13
1.13687e-13
1.13687e-13
1.13687e-13
9.23706e-14
9.23706e-14
6.39488e-14
4.26326e-14
0
0
0
0
0
0
0
0
0
0
0
0
0
0
0
2.84217e-14
6.03961e-14
8.17124e-14
9.9476e-14
1.06581e-13
1.13687e-13
1.13687e-13
1.27898e-13
1.35003e-13
1.35003e-13
1.35003e-13
1.20792e-13
1.20792e-13
1.13687e-13
9.9476e-14
8.52651e-14
5.68434e-14
4.26326e-14
0
0
0
0
0
0
0
0
0
0
0
0
0
0
0
2.84217e-14
6.39488e-14
7.81597e-14
9.9476e-14
1.06581e-13
1.13687e-13
1.20792e-13
1.42109e-13
1.49214e-13
1.56319e-13
1.56319e-13
1.42109e-13
1.35003e-13
1.20792e-13
1.13687e-13
8.52651e-14
6.39488e-14
3.55271e-14
0
0
0
0
0
0
0
0
0
0
0
0
0
0
0
3.55271e-14
7.81597e-14
1.06581e-13
1.35003e-13
1.56319e-13
1.63425e-13
1.7053e-13
1.77636e-13
1.77636e-13
1.7053e-13
1.63425e-13
1.49214e-13
1.49214e-13
1.35003e-13
1.20792e-13
1.06581e-13
7.10543e-14
2.84217e-14
0
0
0
0
0
0
0
0
0
0
0
0
0
0
0
3.55271e-14
7.10543e-14
8.52651e-14
9.9476e-14
1.13687e-13
1.27898e-13
1.35003e-13
1.42109e-13
1.42109e-13
1.49214e-13
1.56319e-13
1.35003e-13
1.42109e-13
1.35003e-13
1.20792e-13
1.13687e-13
7.10543e-14
2.84217e-14
0
0
0
0
0
0
0
0
0
0
0
0
0
0
0
2.84217e-14
5.68434e-14
7.10543e-14
9.23706e-14
1.06581e-13
1.13687e-13
1.13687e-13
1.13687e-13
1.13687e-13
1.20792e-13
1.27898e-13
1.20792e-13
1.27898e-13
1.13687e-13
1.13687e-13
9.9476e-14
8.52651e-14
4.26326e-14
0
0
0
0
0
0
0
0
0
0
0
0
0
0
0
4.26326e-14
7.10543e-14
7.81597e-14
9.23706e-14
9.23706e-14
8.52651e-14
7.81597e-14
7.81597e-14
8.52651e-14
9.9476e-14
1.13687e-13
1.13687e-13
9.9476e-14
9.9476e-14
8.52651e-14
8.52651e-14
5.68434e-14
2.84217e-14
0
0
0
0
0
0
0
0
0
0
0
0
0
0
0
0
0
0
0
0
0
0
0
0
0
0
0
0
0
0
0
0
0
0
0
0
0
0
0
0
0
0
0
0
0
0
0
