3.25993
0
0
0
0
0
0
0
0
0
0
0
0
0
0
0
0
5.04196
21.9399
46.6466
71.1221
95.3638
118.319
137.724
149.382
146.419
123.367
107.109
118.524
139.521
165.778
197.487
231.214
0
6.9778
45.7736
98.3368
151.202
203.599
253.02
294.38
318.318
309.446
255.238
215.94
237.534
279.262
331.583
394.757
461.335
0
9.07527
71.5973
155.024
240.104
324.63
404.05
469.714
505.827
486.199
388.424
316.069
345.14
405.19
480.697
571.857
667.11
0
11.332
99.3818
216.384
337.109
457.422
570.031
661.755
708.69
670.452
509.309
388.965
420.899
493.339
584.69
694.968
809.463
0
13.7269
128.867
281.601
440.593
599.486
747.549
865.916
920.359
851.025
593.464
402.748
430.848
504.15
596.802
708.651
824.562
0
16.2069
159.402
349.002
547.484
746.106
930.12
1073.77
1129.7
1010.18
597.964
303.45
319.857
373.683
441.755
523.941
609.661
0
18.6663
189.678
415.438
652.278
889.019
1106.58
1271.39
1320.03
1124.02
446.858
0
0
0
0
0
0
0
20.9012
217.197
475.062
745.098
1013.82
1258.08
1436.76
1469.4
1173.54
0
0
0
0
0
0
0
0
22.5132
237.029
516.529
807.198
1093.89
1351.02
1533.18
1550.98
1204.87
0
0
0
0
0
0
0
0
22.627
238.437
515.409
798.943
1074.19
1317.09
1485.33
1494.73
1155.72
0
0
0
0
0
0
0
0
18.9914
193.67
410.137
623.686
824.841
998.729
1118.35
1126.76
885.421
0
0
0
0
0
0
0
0
0
0
0
0
0
0
0
0
0
0
0
0
0
0
0
0
0
