0.160064
0
0
0
0
0
0
0
0
0
0
0
0
0
0
0
0
0
0
0
0
0
0
0
0
0
0
0
0
0
0
0
0
0.115606
0.0462725
0.0227487
0.0134547
0.0089991
0.00648171
0.00488661
0.00379463
0.0030053
0.00241126
0.00194984
0.00158198
0.00128203
0.0010324
0.000820603
0.000637593
0.000476836
0.000334156
0.000208748
0.000106218
4.07801e-05
1.19789e-05
2.7742e-06
5.14848e-07
7.67186e-08
9.12951e-09
8.67658e-10
7.63976e-11
2.91038e-11
2.18279e-11
3.63798e-11
8.00355e-11
0
0.0984356
0.0641445
0.0405615
0.0267525
0.0186817
0.0136972
0.0104116
0.00811923
0.00644558
0.0051788
0.00419145
0.00340261
0.00275849
0.00222192
0.00176639
0.0013726
0.00102659
0.000719413
0.000449372
0.000228568
8.76993e-05
2.57493e-05
5.96179e-06
1.10629e-06
1.64844e-07
1.96123e-08
1.86083e-09
1.58252e-10
5.82077e-11
4.72937e-11
5.09317e-11
1.30967e-10
0
0.0914759
0.0713881
0.0526857
0.0383799
0.0283163
0.0213643
0.0164855
0.0129623
0.0103395
0.00833139
0.00675522
0.0054903
0.00445442
0.00358982
0.00285485
0.00221891
0.00165977
0.00116315
0.000726391
0.000369166
0.000141462
4.14939e-05
9.60216e-06
1.7814e-06
2.65414e-07
3.1574e-08
2.99588e-09
2.54659e-10
8.36735e-11
7.63976e-11
7.27596e-11
1.67347e-10
0
0.0882346
0.0747619
0.0605867
0.0477436
0.0372307
0.0290944
0.0229313
0.0182607
0.0146786
0.0118847
0.00966597
0.0078718
0.00639514
0.0051585
0.00410485
0.00319174
0.002388
0.00167353
0.00104472
0.000530178
0.000202694
5.9353e-05
1.37224e-05
2.54476e-06
3.79088e-07
4.50909e-08
4.27463e-09
3.54703e-10
9.45874e-11
9.09495e-11
7.27596e-11
1.74623e-10
0
0.0864442
0.0766253
0.0657905
0.0549436
0.0450044
0.0364892
0.0295016
0.0238917
0.0194163
0.015833
0.0129375
0.0105689
0.00860431
0.00695037
0.00553607
0.00430733
0.00322383
0.00225935
0.00140955
0.000713639
0.000271817
7.93736e-05
1.83241e-05
3.39594e-06
5.05758e-07
6.01467e-08
5.69344e-09
4.60204e-10
1.01863e-10
9.09495e-11
5.82077e-11
1.67347e-10
0
0.0853143
0.0778013
0.0693428
0.0603815
0.0515021
0.0432369
0.0359234
0.0296794
0.0244606
0.0201399
0.0165654
0.0135936
0.011101
0.0089861
0.00716792
0.00558233
0.00418037
0.00292987
0.0018261
0.000921151
0.000348826
0.000101428
2.33627e-05
4.32549e-06
6.43956e-07
7.65667e-08
7.23776e-09
5.69344e-10
1.09139e-10
8.73115e-11
5.09317e-11
1.74623e-10
0
0.0845382
0.0786088
0.0718673
0.0644911
0.0567938
0.0491615
0.0419526
0.0354186
0.0296768
0.0247325
0.0205201
0.0169423
0.0138952
0.0112819
0.00901788
0.00703278
0.00527071
0.00369425
0.00229917
0.00115334
0.000432929
0.000125082
2.87152e-05
5.30887e-06
7.89929e-07
9.39035e-08
8.87121e-09
6.87578e-10
1.16415e-10
8.73115e-11
5.09317e-11
1.81899e-10
0
0.083977
0.0791934
0.0737256
0.0676284
0.0610483
0.0542178
0.0474162
0.04091
0.0349009
0.0295013
0.0247407
0.0205892
0.0169831
0.0138455
0.0110989
0.00867243
0.00650672
0.00456085
0.0028324
0.00140899
0.00052196
0.0001494
3.41332e-05
6.29763e-06
9.36338e-07
1.11275e-07
1.05028e-08
8.0945e-10
1.30967e-10
8.36735e-11
5.82077e-11
1.96451e-10
0
0.0835558
0.0796315
0.0751313
0.0700547
0.064455
0.0584518
0.0522256
0.0459924
0.0399637
0.0343089
0.029134
0.0244809
0.0203407
0.0166717
0.0134158
0.0105102
0.00789741
0.00553585
0.00342701
0.00168347
0.000611433
0.000172648
3.91762e-05
7.20752e-06
1.0705e-06
1.27173e-07
1.19962e-08
9.14952e-10
1.34605e-10
8.00355e-11
6.54836e-11
2.11003e-10
0
0.0832325
0.0799681
0.0762171
0.0719544
0.0671846
0.0619554
0.0563655
0.0505607
0.0447161
0.039007
0.0335801
0.0285347
0.0239189
0.0197365
0.0159606
0.0125468
0.00944635
0.0066214
0.00407993
0.00196628
0.000693048
0.000191885
4.31293e-05
7.90418e-06
1.17233e-06
1.39204e-07
1.31222e-08
9.96806e-10
1.30967e-10
7.27596e-11
6.54836e-11
2.11003e-10
0
0.0829807
0.0802316
0.0770687
0.0734569
0.0693768
0.064834
0.0598699
0.0545671
0.0490471
0.0434565
0.037945
0.0326423
0.0276413
0.0229925
0.0187077
0.0147703
0.0111483
0.00781279
0.00478094
0.00223665
0.000752326
0.000202449
4.49151e-05
8.18962e-06
1.21249e-06
1.43886e-07
1.35533e-08
1.02591e-09
1.20053e-10
6.54836e-11
6.54836e-11
2.03727e-10
0
0.0827839
0.0804409
0.0777433
0.0746534
0.0711403
0.067187
0.0627984
0.0580095
0.0528904
0.0475443
0.0420968
0.0366788
0.0314062
0.026366
0.0216087
0.0171511
0.0129848
0.00909496
0.00550865
0.00245593
0.000764945
0.000197451
4.30483e-05
7.79889e-06
1.15211e-06
1.36621e-07
1.28603e-08
9.7134e-10
1.05501e-10
5.82077e-11
6.54836e-11
1.89175e-10
0
0.0826211
0.0806026
0.078277
0.0756069
0.0725575
0.0691
0.0652181
0.0609148
0.0562196
0.0511921
0.0459213
0.0405168
0.0350941
0.0297582
0.0245896
0.0196373
0.0149199
0.0104385
0.00622551
0.0025533
0.000691175
0.000167684
3.57448e-05
6.42688e-06
9.47101e-07
1.12223e-07
1.05592e-08
7.96717e-10
8.36735e-11
4.36557e-11
5.09317e-11
1.52795e-10
0
0.0824931
0.080732
0.0787018
0.0763674
0.0736928
0.0706443
0.0671939
0.0633248
0.0590375
0.0543558
0.0493307
0.0440395
0.0385785
0.0330508
0.0275511
0.0221521
0.0168961
0.0117967
0.00687363
0.00239706
0.00046798
0.000103204
2.14232e-05
3.82243e-06
5.62002e-07
6.65441e-08
6.25914e-09
4.71118e-10
4.72937e-11
2.54659e-11
2.91038e-11
8.73115e-11
0
0.0824019
0.0808413
0.0790423
0.0769718
0.0745951
0.0718765
0.0687823
0.0652841
0.0613633
0.0570175
0.0522651
0.0471493
0.0417375
0.0361149
0.0303729
0.0245936
0.0188336
0.0131075
0.00738029
0.00172969
0
0
0
0
0
0
0
0
0
0
0
0
0
0.0823253
0.0809211
0.079302
0.0774373
0.0752934
0.072835
0.0700258
0.0668309
0.0632206
0.0591744
0.0546861
0.0497696
0.0444614
0.0388202
0.0329207
0.0268397
0.0206347
0.0143077
0.00770962
0
0
0
0
0
0
0
0
0
0
0
0
0
0
0.0822645
0.0809766
0.0794912
0.0777796
0.0758097
0.0735466
0.0709535
0.0679925
0.064627
0.0608254
0.0565649
0.0518366
0.0466507
0.0410388
0.0350522
0.0287523
0.0221895
0.0153611
0.00812416
0
0
0
0
0
0
0
0
0
0
0
0
0
0
0.0822247
0.0810142
0.0796179
0.0780085
0.076155
0.0740235
0.071577
0.0687762
0.0655812
0.061954
0.0578616
0.0532805
0.0482018
0.0426355
0.0366114
0.0301733
0.0233612
0.0161734
0.00849607
0
0
0
0
0
0
0
0
0
0
0
0
0
0
0.0822067
0.0810329
0.0796788
0.0781177
0.0763193
0.0742501
0.0718733
0.0691493
0.066037
0.0624959
0.0584886
0.053985
0.048967
0.043433
0.0373999
0.0308998
0.0239651
0.0165954
0.00869801
0
0
0
0
0
0
0
0
0
0
0
0
0
0
0.0822288
0.081037
0.0796624
0.078078
0.0762534
0.074155
0.0717462
0.0689881
0.0658406
0.0622649
0.0582259
0.0536967
0.0486623
0.0431239
0.0371004
0.030624
0.0237265
0.0164084
0.00858514
0
0
0
0
0
0
0
0
0
0
0
0
0
0
0.0822899
0.0809888
0.0794885
0.0777602
0.0757725
0.0734915
0.0708818
0.0679077
0.0645357
0.060737
0.0564912
0.0517898
0.0466395
0.041064
0.0351014
0.0287974
0.0221888
0.0152741
0.00796411
0
0
0
0
0
0
0
0
0
0
0
0
0
0
0.0824532
0.0808034
0.0789027
0.076721
0.0742281
0.0713957
0.0682
0.0646241
0.060661
0.0563168
0.0516128
0.0465856
0.0412866
0.0357767
0.030119
0.0243676
0.0185507
0.0126479
0.00655166
0
0
0
0
0
0
0
0
0
0
0
0
0
0
0.0833514
0.0798841
0.0761162
0.0720554
0.0677185
0.0631337
0.0583401
0.053388
0.0483374
0.043255
0.0382097
0.0332681
0.0284879
0.0239126
0.0195658
0.0154473
0.0115281
0.00774284
0.00397177
0
0
0
0
0
0
0
0
0
0
0
0
0
0
0
0
0
0
0
0
0
0
0
0
0
0
0
0
0
0
0
0
0
0
0
0
0
0
0
0
0
0
0
0
0
0
0
