0.57572
0
0
0
0
0
0
0
0
0
0
0
0
0
0
0
0
0.560294
0.189921
0.0884358
0.0509354
0.0323224
0.021105
0.0135321
0.00809823
0.00411088
0.00131176
0.000221267
2.34312e-05
1.68463e-06
8.42811e-08
2.93949e-09
7.27596e-11
0
0.550506
0.310422
0.177074
0.108631
0.0702969
0.0462303
0.0297312
0.0178143
0.00904076
0.00286469
0.000477559
5.02667e-05
3.60544e-06
1.80233e-07
6.29007e-09
1.60071e-10
0
0.544556
0.383681
0.255031
0.168863
0.112963
0.0753639
0.0487799
0.029306
0.0148638
0.00463253
0.000750919
7.79401e-05
5.56015e-06
2.7744e-07
9.67702e-09
2.54659e-10
0
0.540979
0.427709
0.317278
0.226494
0.158121
0.107834
0.0705536
0.0425852
0.0215701
0.00649959
0.000993708
0.000100345
7.08594e-06
3.52393e-07
1.22782e-08
3.20142e-10
0
0.538791
0.454636
0.363642
0.277082
0.202531
0.142047
0.0943786
0.0573644
0.0289741
0.00816212
0.00110282
0.00010586
7.34754e-06
3.63449e-07
1.26456e-08
3.20142e-10
0
0.537426
0.471524
0.396445
0.31789
0.242547
0.1754
0.118757
0.0728354
0.0365726
0.00893019
0.000881234
7.70711e-05
5.21056e-06
2.55863e-07
8.88758e-09
2.32831e-10
0
0.536572
0.482065
0.418333
0.347764
0.274732
0.204399
0.141122
0.0873985
0.0433786
0.0073079
0
0
0
0
0
0
0
0.53609
0.487922
0.430933
0.366008
0.29583
0.224734
0.157641
0.0984029
0.0479112
0
0
0
0
0
0
0
0
0.535988
0.489123
0.433658
0.370306
0.301338
0.230604
0.162798
0.101938
0.0492388
0
0
0
0
0
0
0
0
0.536549
0.482313
0.419852
0.351628
0.28103
0.211942
0.148075
0.09206
0.0441391
0
0
0
0
0
0
0
0
0.539709
0.443213
0.354197
0.274676
0.205728
0.147508
0.0994536
0.0604582
0.0286106
0
0
0
0
0
0
0
0
0
0
0
0
0
0
0
0
0
0
0
0
0
0
0
0
0
