0
0
0
0
0
0
0
0
0
0
0
0
0
0
0
0
0
0
1.77636e-15
3.55271e-15
5.32907e-15
3.55271e-15
3.55271e-15
7.10543e-15
2.13163e-14
0
7.10543e-15
1.42109e-14
0
0
2.84217e-14
2.84217e-14
2.84217e-14
0
0
1.77636e-15
7.10543e-15
1.24345e-14
1.42109e-14
1.42109e-14
2.13163e-14
4.26326e-14
7.10543e-15
0
1.42109e-14
0
0
8.52651e-14
2.84217e-14
5.68434e-14
0
0
3.55271e-15
1.24345e-14
2.13163e-14
2.13163e-14
2.84217e-14
2.84217e-14
5.68434e-14
1.42109e-14
0
1.42109e-14
2.84217e-14
1.42109e-14
1.13687e-13
0
5.68434e-14
0
0
7.10543e-15
1.77636e-14
2.4869e-14
3.19744e-14
3.55271e-14
4.9738e-14
7.10543e-14
2.84217e-14
0
0
2.84217e-14
1.42109e-14
1.42109e-13
5.68434e-14
2.84217e-14
0
0
1.06581e-14
2.4869e-14
3.19744e-14
4.61853e-14
5.68434e-14
7.10543e-14
8.52651e-14
4.9738e-14
1.42109e-14
1.42109e-14
2.84217e-14
1.42109e-14
1.13687e-13
2.84217e-14
0
0
0
1.42109e-14
3.19744e-14
4.26326e-14
5.32907e-14
7.10543e-14
9.23706e-14
9.9476e-14
7.81597e-14
4.26326e-14
2.84217e-14
4.26326e-14
0
8.52651e-14
2.84217e-14
5.68434e-14
0
0
1.77636e-14
3.55271e-14
5.32907e-14
7.10543e-14
8.52651e-14
9.23706e-14
8.52651e-14
7.10543e-14
4.26326e-14
0
0
0
0
0
0
0
0
1.77636e-14
4.26326e-14
6.39488e-14
6.39488e-14
7.81597e-14
9.23706e-14
8.52651e-14
5.68434e-14
0
0
0
0
0
0
0
0
0
2.13163e-14
4.9738e-14
7.81597e-14
9.23706e-14
9.23706e-14
8.52651e-14
8.52651e-14
5.68434e-14
0
0
0
0
0
0
0
0
0
1.42109e-14
4.9738e-14
8.52651e-14
9.23706e-14
8.52651e-14
8.52651e-14
5.68434e-14
2.84217e-14
0
0
0
0
0
0
0
0
0
7.10543e-15
3.55271e-14
6.39488e-14
7.10543e-14
7.10543e-14
7.10543e-14
4.26326e-14
1.42109e-14
0
0
0
0
0
0
0
0
0
0
0
0
0
0
0
0
0
0
0
0
0
0
0
0
0
