2.23262e-09
0
0
0
0
0
0
0
0
0
0
0
0
0
0
0
0
0
0
0
0
0
0
0
0
0
0
0
0
0
0
0
0
0
0
0
0
0
0
0
0
0
0
0
0
0
0
0
0
0
0
0
0
0
0
0
0
0
0
0
0
0
0
0
0
1.98971e+143
1.89662e+143
1.80785e+143
1.72319e+143
1.64242e+143
1.56538e+143
1.49187e+143
1.42171e+143
1.35475e+143
1.29081e+143
1.22974e+143
1.17138e+143
1.11559e+143
1.06222e+143
1.01113e+143
9.62171e+142
9.15217e+142
8.70126e+142
8.26763e+142
7.8499e+142
7.4467e+142
7.05665e+142
6.67832e+142
6.31028e+142
5.95106e+142
5.59914e+142
5.25296e+142
4.91091e+142
4.57134e+142
4.23252e+142
3.89272e+142
3.55015e+142
3.2031e+142
2.84998e+142
2.48963e+142
2.12177e+142
1.74793e+142
1.37315e+142
1.00853e+142
6.74054e+141
3.97694e+141
2.02784e+141
8.86581e+140
3.3231e+140
1.06869e+140
2.94271e+139
6.89829e+138
1.36494e+138
2.25682e+137
3.08572e+136
3.45419e+135
3.13684e+134
2.29237e+133
1.33879e+132
6.212e+130
2.27896e+129
6.58428e+127
1.49331e+126
2.65182e+124
3.67961e+122
3.98307e+120
3.35921e+118
2.20507e+116
1.12571e+114
0
4.26678e+143
4.06717e+143
3.8768e+143
3.69524e+143
3.52206e+143
3.35684e+143
3.1992e+143
3.04876e+143
2.90516e+143
2.76805e+143
2.63708e+143
2.51194e+143
2.3923e+143
2.27785e+143
2.16828e+143
2.0633e+143
1.96261e+143
1.86592e+143
1.77293e+143
1.68335e+143
1.59689e+143
1.51325e+143
1.43212e+143
1.35319e+143
1.27616e+143
1.20069e+143
1.12646e+143
1.05311e+143
9.8029e+142
9.07634e+142
8.34765e+142
7.61305e+142
6.86881e+142
6.11157e+142
5.33883e+142
4.54997e+142
3.74831e+142
2.94462e+142
2.16271e+142
1.44544e+142
8.52808e+141
4.34842e+141
1.90114e+141
7.12583e+140
2.29162e+140
6.31014e+139
1.47922e+139
2.92688e+138
4.83935e+137
6.61679e+136
7.40691e+135
6.72639e+134
4.91559e+133
2.87079e+132
1.33205e+131
4.88683e+129
1.41188e+128
3.20213e+126
5.68636e+124
7.89027e+122
8.54099e+120
7.20323e+118
4.72839e+116
2.41388e+114
0
6.89046e+143
6.5681e+143
6.26068e+143
5.96748e+143
5.6878e+143
5.42099e+143
5.16641e+143
4.92347e+143
4.69157e+143
4.47014e+143
4.25865e+143
4.05655e+143
3.86334e+143
3.67851e+143
3.50158e+143
3.33205e+143
3.16944e+143
3.01329e+143
2.86312e+143
2.71846e+143
2.57883e+143
2.44375e+143
2.31274e+143
2.18528e+143
2.06088e+143
1.93901e+143
1.81913e+143
1.70068e+143
1.58308e+143
1.46575e+143
1.34807e+143
1.22944e+143
1.10925e+143
9.86964e+142
8.62172e+142
7.34779e+142
6.05317e+142
4.75526e+142
3.49253e+142
2.3342e+142
1.37715e+142
7.02188e+141
3.06993e+141
1.15066e+141
3.70041e+140
1.01893e+140
2.38856e+139
4.72617e+138
7.81433e+137
1.06844e+137
1.19603e+136
1.08614e+135
7.93743e+133
4.63561e+132
2.15093e+131
7.891e+129
2.27983e+128
5.17064e+126
9.18203e+124
1.27408e+123
1.37915e+121
1.16314e+119
7.63515e+116
3.8978e+114
0
9.93109e+143
9.46648e+143
9.0234e+143
8.60081e+143
8.19771e+143
7.81316e+143
7.44625e+143
7.0961e+143
6.76186e+143
6.44273e+143
6.1379e+143
5.84663e+143
5.56816e+143
5.30177e+143
5.04676e+143
4.80241e+143
4.56806e+143
4.343e+143
4.12656e+143
3.91807e+143
3.71682e+143
3.52214e+143
3.33331e+143
3.14961e+143
2.97032e+143
2.79467e+143
2.62188e+143
2.45116e+143
2.28167e+143
2.11256e+143
1.94295e+143
1.77197e+143
1.59875e+143
1.4225e+143
1.24263e+143
1.05902e+143
8.72429e+142
6.85361e+142
5.03361e+142
3.3641e+142
1.98472e+142
1.01195e+142
4.42406e+141
1.65817e+141
5.33249e+140
1.46832e+140
3.44201e+139
6.81059e+138
1.12607e+138
1.53967e+137
1.72352e+136
1.56517e+135
1.14381e+134
6.68008e+132
3.09957e+131
1.13712e+130
3.28532e+128
7.45108e+126
1.32316e+125
1.836e+123
1.98741e+121
1.67613e+119
1.10025e+117
5.61687e+114
0
1.34722e+144
1.2842e+144
1.22409e+144
1.16676e+144
1.11208e+144
1.05991e+144
1.01014e+144
9.62638e+143
9.17296e+143
8.74003e+143
8.32652e+143
7.93138e+143
7.55362e+143
7.19224e+143
6.8463e+143
6.51483e+143
6.1969e+143
5.8916e+143
5.59799e+143
5.31515e+143
5.04215e+143
4.77804e+143
4.52188e+143
4.27269e+143
4.02946e+143
3.79118e+143
3.55678e+143
3.32518e+143
3.09526e+143
2.86585e+143
2.63577e+143
2.40382e+143
2.16882e+143
1.92972e+143
1.68573e+143
1.43664e+143
1.18351e+143
9.29727e+142
6.82823e+142
4.56336e+142
2.69212e+142
1.37256e+142
6.00034e+141
2.24891e+141
7.2321e+140
1.99137e+140
4.66812e+139
9.23662e+138
1.5272e+138
2.08812e+137
2.33746e+136
2.1227e+135
1.55125e+134
9.05961e+132
4.20367e+131
1.54218e+130
4.45559e+128
1.01052e+127
1.79449e+125
2.49e+123
2.69535e+121
2.27319e+119
1.49218e+117
7.61767e+114
0
1.76133e+144
1.67893e+144
1.60034e+144
1.5254e+144
1.4539e+144
1.3857e+144
1.32063e+144
1.25853e+144
1.19925e+144
1.14265e+144
1.08859e+144
1.03693e+144
9.87541e+143
9.40296e+143
8.95068e+143
8.51732e+143
8.10168e+143
7.70253e+143
7.31867e+143
6.9489e+143
6.59198e+143
6.2467e+143
5.9118e+143
5.58601e+143
5.26802e+143
4.9565e+143
4.65006e+143
4.34727e+143
4.04667e+143
3.74675e+143
3.44595e+143
3.1427e+143
2.83548e+143
2.52288e+143
2.20388e+143
1.87822e+143
1.54727e+143
1.21547e+143
8.9266e+142
5.96544e+142
3.51903e+142
1.79402e+142
7.84231e+141
2.93915e+141
9.45156e+140
2.60247e+140
6.10059e+139
1.2071e+139
1.99583e+138
2.72887e+137
3.05473e+136
2.77407e+135
2.02727e+134
1.18396e+133
5.4936e+131
2.01541e+130
5.82283e+128
1.32061e+127
2.34515e+125
3.25408e+123
3.52245e+121
2.97073e+119
1.95006e+117
9.95522e+114
0
2.24723e+144
2.1421e+144
2.04183e+144
1.94621e+144
1.855e+144
1.76798e+144
1.68495e+144
1.60572e+144
1.53009e+144
1.45787e+144
1.3889e+144
1.32299e+144
1.25998e+144
1.1997e+144
1.14199e+144
1.0867e+144
1.03367e+144
9.82745e+143
9.33769e+143
8.86591e+143
8.41053e+143
7.97e+143
7.54271e+143
7.12705e+143
6.72134e+143
6.32387e+143
5.93289e+143
5.54658e+143
5.16306e+143
4.78039e+143
4.39661e+143
4.0097e+143
3.61772e+143
3.21888e+143
2.81186e+143
2.39635e+143
1.97408e+143
1.55073e+143
1.13883e+143
7.61006e+142
4.48875e+142
2.28814e+142
1.00014e+142
3.74812e+141
1.20526e+141
3.31859e+140
7.77921e+139
1.53923e+139
2.54498e+138
3.47972e+137
3.89524e+136
3.53736e+135
2.58507e+134
1.50973e+133
7.00516e+131
2.56995e+130
7.42497e+128
1.68398e+127
2.99041e+125
4.14944e+123
4.49164e+121
3.78813e+119
2.48662e+117
1.26944e+115
0
2.81897e+144
2.68709e+144
2.56132e+144
2.44136e+144
2.32694e+144
2.21779e+144
2.11364e+144
2.01425e+144
1.91937e+144
1.82879e+144
1.74226e+144
1.65958e+144
1.58054e+144
1.50492e+144
1.43254e+144
1.36318e+144
1.29666e+144
1.23278e+144
1.17134e+144
1.11216e+144
1.05504e+144
9.99775e+143
9.46175e+143
8.94034e+143
8.43141e+143
7.93283e+143
7.44237e+143
6.95778e+143
6.47668e+143
5.99666e+143
5.51523e+143
5.02988e+143
4.53816e+143
4.03784e+143
3.52725e+143
3.00601e+143
2.47627e+143
1.94516e+143
1.42843e+143
9.54432e+142
5.6289e+142
2.8689e+142
1.25384e+142
4.69845e+141
1.51077e+141
4.15969e+140
9.75075e+139
1.92932e+139
3.18995e+138
4.36157e+137
4.88239e+136
4.43381e+135
3.24019e+134
1.89233e+133
8.78045e+131
3.22124e+130
9.30665e+128
2.11074e+127
3.74826e+125
5.20101e+123
5.62994e+121
4.74813e+119
3.1168e+117
1.59115e+115
0
3.49325e+144
3.32982e+144
3.17397e+144
3.02532e+144
2.88354e+144
2.74827e+144
2.61921e+144
2.49605e+144
2.37848e+144
2.26622e+144
2.159e+144
2.05655e+144
1.9586e+144
1.8649e+144
1.77519e+144
1.68925e+144
1.60681e+144
1.52765e+144
1.45152e+144
1.37818e+144
1.3074e+144
1.23892e+144
1.1725e+144
1.10789e+144
1.04482e+144
9.83036e+143
9.2226e+143
8.62209e+143
8.02592e+143
7.43108e+143
6.83449e+143
6.23304e+143
5.62369e+143
5.00368e+143
4.37094e+143
3.72497e+143
3.06847e+143
2.41025e+143
1.76983e+143
1.1824e+143
6.97207e+142
3.55275e+142
1.55244e+142
5.81672e+141
1.87022e+141
5.14919e+140
1.207e+140
2.38821e+139
3.94866e+138
5.39894e+137
6.04363e+136
5.48836e+135
4.01085e+134
2.34241e+133
1.08688e+132
3.98739e+130
1.15202e+129
2.61276e+127
4.63975e+125
6.43803e+123
6.96898e+121
5.87744e+119
3.8581e+117
1.96959e+115
0
4.28993e+144
4.08923e+144
3.89784e+144
3.71529e+144
3.54116e+144
3.37505e+144
3.21656e+144
3.0653e+144
2.92092e+144
2.78307e+144
2.65139e+144
2.52557e+144
2.40528e+144
2.29021e+144
2.18005e+144
2.0745e+144
1.97327e+144
1.87605e+144
1.78256e+144
1.6925e+144
1.60557e+144
1.52147e+144
1.43991e+144
1.36056e+144
1.28311e+144
1.20724e+144
1.1326e+144
1.05886e+144
9.85642e+143
9.12591e+143
8.39326e+143
7.65463e+143
6.90629e+143
6.14484e+143
5.36775e+143
4.57439e+143
3.76808e+143
2.95963e+143
2.17303e+143
1.45152e+143
8.55674e+142
4.35904e+142
1.90432e+142
7.13401e+141
2.29354e+141
6.3144e+140
1.4801e+140
2.92854e+139
4.84203e+138
6.62043e+137
7.41096e+136
6.73007e+135
4.91827e+134
2.87236e+133
1.33278e+132
4.88951e+130
1.41265e+129
3.20388e+127
5.68947e+125
7.89459e+123
8.54566e+121
7.20717e+119
4.73097e+117
2.4152e+115
0
5.23262e+144
4.98783e+144
4.75437e+144
4.53171e+144
4.31932e+144
4.1167e+144
3.92338e+144
3.73889e+144
3.56278e+144
3.39463e+144
3.23402e+144
3.08056e+144
2.93383e+144
2.79348e+144
2.65911e+144
2.53037e+144
2.40689e+144
2.28831e+144
2.17428e+144
2.06443e+144
1.95839e+144
1.85582e+144
1.75633e+144
1.65955e+144
1.56508e+144
1.47253e+144
1.3815e+144
1.29155e+144
1.20224e+144
1.11314e+144
1.02377e+144
9.33679e+143
8.42398e+143
7.49515e+143
6.54722e+143
5.57942e+143
4.59577e+143
3.60948e+143
2.64981e+143
1.76959e+143
1.04282e+143
5.31043e+142
2.31923e+142
8.68648e+141
2.7923e+141
7.68703e+140
1.8018e+140
3.565e+139
5.89431e+138
8.05917e+137
9.0215e+136
8.19263e+135
5.9871e+134
3.49658e+133
1.62242e+132
5.95208e+130
1.71965e+129
3.90014e+127
6.92589e+125
9.61022e+123
1.04028e+122
8.77341e+119
5.75909e+117
2.94006e+115
0
6.3494e+144
6.05236e+144
5.76907e+144
5.49889e+144
5.24117e+144
4.99532e+144
4.76073e+144
4.53687e+144
4.32317e+144
4.11914e+144
3.92425e+144
3.73803e+144
3.55999e+144
3.38968e+144
3.22664e+144
3.07042e+144
2.92059e+144
2.77671e+144
2.63833e+144
2.50504e+144
2.37638e+144
2.25191e+144
2.13119e+144
2.01375e+144
1.89912e+144
1.78683e+144
1.67636e+144
1.56721e+144
1.45885e+144
1.35073e+144
1.24229e+144
1.13296e+144
1.02219e+144
9.0948e+143
7.94444e+143
6.76991e+143
5.57609e+143
4.37899e+143
3.21416e+143
2.1458e+143
1.26395e+143
6.4333e+142
2.80845e+142
1.05158e+142
3.37978e+141
9.30354e+140
2.18061e+140
4.31442e+139
7.13335e+138
9.75326e+137
1.09179e+137
9.91477e+135
7.24562e+134
4.23158e+133
1.96346e+132
7.20324e+130
2.08113e+129
4.71998e+127
8.38174e+125
1.16303e+124
1.25895e+122
1.06176e+120
6.96968e+117
3.55807e+115
0
7.67362e+144
7.31463e+144
6.97226e+144
6.64573e+144
6.33426e+144
6.03713e+144
5.75362e+144
5.48307e+144
5.22481e+144
4.97822e+144
4.74269e+144
4.51763e+144
4.30246e+144
4.09663e+144
3.89959e+144
3.71079e+144
3.52971e+144
3.35582e+144
3.18859e+144
3.0275e+144
2.87201e+144
2.72158e+144
2.57569e+144
2.43376e+144
2.29523e+144
2.15951e+144
2.02601e+144
1.8941e+144
1.76314e+144
1.63246e+144
1.5014e+144
1.36927e+144
1.23539e+144
1.09916e+144
9.60108e+143
8.18133e+143
6.73815e+143
5.29089e+143
3.88258e+143
2.59099e+143
1.52525e+143
7.75818e+142
3.38496e+142
1.26697e+142
4.07114e+141
1.12054e+141
2.62622e+140
5.19598e+139
8.59081e+138
1.1746e+138
1.31485e+137
1.19404e+136
8.72597e+134
5.09613e+133
2.36461e+132
8.67492e+130
2.50632e+129
5.68431e+127
1.00942e+126
1.40065e+124
1.51616e+122
1.27869e+120
8.39365e+117
4.28502e+115
0
9.2449e+144
8.8124e+144
8.39993e+144
8.00654e+144
7.6313e+144
7.27332e+144
6.93176e+144
6.60581e+144
6.29467e+144
5.99759e+144
5.71383e+144
5.44268e+144
5.18346e+144
4.93548e+144
4.6981e+144
4.47064e+144
4.25249e+144
4.04299e+144
3.84152e+144
3.64744e+144
3.46011e+144
3.27889e+144
3.10312e+144
2.93214e+144
2.76524e+144
2.60174e+144
2.4409e+144
2.28198e+144
2.1242e+144
1.96677e+144
1.80887e+144
1.64967e+144
1.48837e+144
1.32421e+144
1.15666e+144
9.85574e+143
8.11646e+143
6.37209e+143
4.67454e+143
3.11781e+143
1.8339e+143
9.32004e+142
4.06347e+142
1.52018e+142
4.88335e+141
1.34389e+141
3.14947e+140
6.23103e+139
1.0302e+139
1.40856e+138
1.57674e+137
1.43187e+136
1.0464e+135
6.11117e+133
2.83559e+132
1.04028e+131
3.00552e+129
6.8165e+127
1.21048e+126
1.67963e+124
1.81815e+122
1.53338e+120
1.00655e+118
5.13851e+115
0
1.11103e+145
1.05905e+145
1.00948e+145
9.62205e+144
9.1711e+144
8.74089e+144
8.33042e+144
7.93869e+144
7.56477e+144
7.20775e+144
6.86674e+144
6.54088e+144
6.22936e+144
5.93135e+144
5.64606e+144
5.37272e+144
5.11055e+144
4.85879e+144
4.61667e+144
4.38343e+144
4.15831e+144
3.94053e+144
3.7293e+144
3.52381e+144
3.32325e+144
3.12676e+144
2.93347e+144
2.74249e+144
2.55287e+144
2.36367e+144
2.1739e+144
1.98257e+144
1.78869e+144
1.59139e+144
1.38998e+144
1.1843e+144
9.75188e+143
7.65434e+143
5.61291e+143
3.74101e+143
2.19815e+143
1.11584e+143
4.86037e+142
1.81713e+142
5.83502e+141
1.60546e+141
3.76215e+140
7.44288e+139
1.23054e+139
1.68246e+138
1.88335e+137
1.71031e+136
1.24988e+135
7.29953e+133
3.38699e+132
1.24257e+131
3.58997e+129
8.14202e+127
1.44586e+126
2.00625e+124
2.1717e+122
1.83155e+120
1.20228e+118
6.13772e+115
0
1.33255e+145
1.27021e+145
1.21076e+145
1.15406e+145
1.09997e+145
1.04837e+145
9.9914e+144
9.52157e+144
9.0731e+144
8.64489e+144
8.23589e+144
7.84507e+144
7.47143e+144
7.11401e+144
6.77184e+144
6.444e+144
6.12956e+144
5.8276e+144
5.53722e+144
5.25748e+144
4.98748e+144
4.72629e+144
4.47294e+144
4.22649e+144
3.98595e+144
3.75028e+144
3.51846e+144
3.2894e+144
3.06198e+144
2.83505e+144
2.60743e+144
2.37792e+144
2.14536e+144
1.90866e+144
1.66702e+144
1.42023e+144
1.16927e+144
9.17503e+143
6.72444e+143
4.47765e+143
2.62733e+143
1.33171e+143
5.79342e+142
2.16413e+142
6.94584e+141
1.91061e+141
4.47667e+140
8.856e+139
1.46414e+139
2.00184e+138
2.24086e+137
2.03497e+136
1.48714e+135
8.68515e+133
4.02992e+132
1.47844e+131
4.27143e+129
9.68756e+127
1.72032e+126
2.38708e+124
2.58394e+122
2.17923e+120
1.4305e+118
7.3028e+115
0
1.59567e+145
1.52102e+145
1.44983e+145
1.38193e+145
1.31717e+145
1.25538e+145
1.19643e+145
1.14017e+145
1.08646e+145
1.03519e+145
9.86213e+144
9.39414e+144
8.94673e+144
8.51873e+144
8.10901e+144
7.71645e+144
7.33992e+144
6.97835e+144
6.63063e+144
6.29567e+144
5.97237e+144
5.65961e+144
5.35625e+144
5.06115e+144
4.77311e+144
4.49093e+144
4.21334e+144
3.93905e+144
3.66672e+144
3.39497e+144
3.12239e+144
2.84753e+144
2.56899e+144
2.28548e+144
1.99601e+144
1.70032e+144
1.39958e+144
1.09781e+144
8.04027e+143
5.34725e+143
3.13186e+143
1.58431e+143
6.88117e+142
2.56762e+142
8.23556e+141
2.26462e+141
5.30531e+140
1.04946e+140
1.735e+139
2.37214e+138
2.65536e+137
2.41139e+136
1.76222e+135
1.02917e+134
4.77535e+132
1.75191e+131
5.06153e+129
1.14795e+128
2.03853e+126
2.82863e+124
3.06191e+122
2.58232e+120
1.6951e+118
8.65363e+115
0
1.9082e+145
1.81893e+145
1.7338e+145
1.6526e+145
1.57515e+145
1.50126e+145
1.43076e+145
1.36348e+145
1.29926e+145
1.23794e+145
1.17937e+145
1.12341e+145
1.06991e+145
1.01873e+145
9.6973e+144
9.22785e+144
8.77759e+144
8.34521e+144
7.92941e+144
7.52886e+144
7.14225e+144
6.76824e+144
6.40549e+144
6.0526e+144
5.70816e+144
5.37072e+144
5.03877e+144
4.71076e+144
4.38509e+144
4.0601e+144
3.7341e+144
3.40536e+144
3.07218e+144
2.73302e+144
2.38668e+144
2.03282e+144
1.67282e+144
1.31148e+144
9.59635e+143
6.37181e+143
3.72298e+143
1.8785e+143
8.14165e+142
3.0336e+142
9.72207e+141
2.67223e+141
6.25897e+140
1.238e+140
2.04663e+139
2.79818e+138
3.13225e+137
2.84445e+136
2.07869e+135
1.21399e+134
5.63295e+132
2.06653e+131
5.97052e+129
1.35411e+128
2.40463e+126
3.33662e+124
3.61179e+122
3.04608e+120
1.99953e+118
1.02077e+116
0
2.27936e+145
2.17273e+145
2.07103e+145
1.97404e+145
1.88152e+145
1.79326e+145
1.70905e+145
1.62869e+145
1.55198e+145
1.47873e+145
1.40878e+145
1.34193e+145
1.27802e+145
1.21688e+145
1.15836e+145
1.10228e+145
1.0485e+145
9.96855e+144
9.47188e+144
8.99345e+144
8.53166e+144
8.08493e+144
7.65164e+144
7.23014e+144
6.81873e+144
6.41567e+144
6.01917e+144
5.62736e+144
5.23834e+144
4.85012e+144
4.46066e+144
4.06789e+144
3.66979e+144
3.26446e+144
2.85048e+144
2.42739e+144
1.99682e+144
1.56447e+144
1.14338e+144
7.57566e+143
4.41237e+143
2.21884e+143
9.59023e+142
3.56672e+142
1.14183e+142
3.13673e+141
7.34502e+140
1.45265e+140
2.40138e+139
3.28315e+138
3.6751e+137
3.33742e+136
2.43895e+135
1.42439e+134
6.60919e+132
2.42468e+131
7.00527e+129
1.58879e+128
2.82137e+126
3.91488e+124
4.23774e+122
3.57399e+120
2.34606e+118
1.19768e+116
0
2.72001e+145
2.59276e+145
2.47141e+145
2.35566e+145
2.24526e+145
2.13994e+145
2.03945e+145
1.94355e+145
1.85201e+145
1.76461e+145
1.68113e+145
1.60136e+145
1.52509e+145
1.45214e+145
1.3823e+145
1.31539e+145
1.25122e+145
1.18959e+145
1.13032e+145
1.07323e+145
1.01813e+145
9.64825e+144
9.13123e+144
8.62828e+144
8.13737e+144
7.65642e+144
7.18328e+144
6.71574e+144
6.2515e+144
5.78819e+144
5.32337e+144
4.85455e+144
4.37929e+144
3.89531e+144
3.40086e+144
2.89536e+144
2.3807e+144
1.86366e+144
1.35988e+144
8.98476e+143
5.2112e+143
2.60896e+143
1.12359e+143
4.16876e+142
1.33272e+142
3.65852e+141
8.56404e+140
1.6935e+140
2.79938e+139
3.8272e+138
4.28407e+137
3.89042e+136
2.84308e+135
1.66041e+134
7.70431e+132
2.82644e+131
8.16601e+129
1.85204e+128
3.28887e+126
4.56356e+124
4.93992e+122
4.16619e+120
2.73479e+118
1.39613e+116
0
3.24289e+145
3.09118e+145
2.94649e+145
2.8085e+145
2.67688e+145
2.55131e+145
2.4315e+145
2.31717e+145
2.20804e+145
2.10383e+145
2.0043e+145
1.9092e+145
1.81828e+145
1.73131e+145
1.64805e+145
1.56828e+145
1.49177e+145
1.4183e+145
1.34764e+145
1.27958e+145
1.21389e+145
1.15035e+145
1.08871e+145
1.02875e+145
9.7023e+144
9.12894e+144
8.56488e+144
8.00747e+144
7.45398e+144
6.90155e+144
6.34726e+144
5.78813e+144
5.2212e+144
4.64373e+144
4.05358e+144
3.44995e+144
2.83503e+144
2.21685e+144
1.61422e+144
1.06254e+144
6.12852e+143
3.05036e+143
1.30756e+143
4.83631e+142
1.54339e+142
4.23301e+141
9.90468e+140
1.95826e+140
3.23679e+139
4.4251e+138
4.9533e+137
4.49814e+136
3.28719e+135
1.91977e+134
8.90777e+132
3.26795e+131
9.4416e+129
2.14135e+128
3.80261e+126
5.27642e+124
5.71157e+122
4.81698e+120
3.16199e+118
1.61422e+116
0
3.86287e+145
3.68215e+145
3.50981e+145
3.34544e+145
3.18865e+145
3.03908e+145
2.89637e+145
2.76018e+145
2.63018e+145
2.50606e+145
2.3875e+145
2.27422e+145
2.16592e+145
2.06232e+145
1.96315e+145
1.86814e+145
1.777e+145
1.68949e+145
1.60534e+145
1.52428e+145
1.44604e+145
1.37035e+145
1.29694e+145
1.22552e+145
1.15582e+145
1.08753e+145
1.02034e+145
9.5395e+144
8.88016e+144
8.22203e+144
7.56159e+144
6.89528e+144
6.2195e+144
5.53094e+144
4.82694e+144
4.10644e+144
3.3719e+144
2.63282e+144
1.91182e+144
1.25216e+144
7.16844e+143
3.54056e+143
1.50847e+143
5.55722e+142
1.76944e+142
4.84743e+141
1.13363e+141
2.24081e+140
3.70349e+139
5.06296e+138
5.66722e+137
5.14644e+136
3.76095e+135
2.19646e+134
1.01916e+133
3.73894e+131
1.08024e+130
2.44997e+128
4.35066e+126
6.03688e+124
6.53475e+122
5.51122e+120
3.6177e+118
1.84686e+116
0
4.59723e+145
4.38216e+145
4.17705e+145
3.98143e+145
3.79484e+145
3.61684e+145
3.447e+145
3.28492e+145
3.13021e+145
2.98249e+145
2.84141e+145
2.70659e+145
2.57771e+145
2.45443e+145
2.33641e+145
2.22333e+145
2.11489e+145
2.01075e+145
1.91061e+145
1.81415e+145
1.72104e+145
1.63098e+145
1.54363e+145
1.45865e+145
1.37571e+145
1.29444e+145
1.21449e+145
1.13548e+145
1.057e+145
9.78667e+144
9.00042e+144
8.20698e+144
7.40204e+144
6.58152e+144
5.74211e+144
4.88237e+144
4.00501e+144
3.12117e+144
2.25812e+144
1.46902e+144
8.3253e+143
4.07001e+143
1.72034e+143
6.30539e+142
2.0019e+142
5.47636e+141
1.27987e+141
2.52916e+140
4.17959e+139
5.71359e+138
6.39541e+137
5.80768e+136
4.24417e+135
2.47867e+134
1.1501e+133
4.21932e+131
1.21903e+130
2.76474e+128
4.90964e+126
6.81251e+124
7.37434e+122
6.21931e+120
4.08251e+118
2.08415e+116
0
5.46588e+145
5.21017e+145
4.96631e+145
4.73373e+145
4.51188e+145
4.30025e+145
4.09832e+145
3.90562e+145
3.72168e+145
3.54606e+145
3.37832e+145
3.21804e+145
3.06482e+145
2.91825e+145
2.77794e+145
2.64351e+145
2.51459e+145
2.39079e+145
2.27174e+145
2.15707e+145
2.04639e+145
1.93933e+145
1.83549e+145
1.73448e+145
1.63588e+145
1.53928e+145
1.44423e+145
1.35029e+145
1.25699e+145
1.16383e+145
1.07031e+145
9.75903e+144
8.80093e+144
7.82375e+144
6.82333e+144
5.79767e+144
4.74958e+144
3.69207e+144
2.65801e+144
1.71328e+144
9.57553e+143
4.6174e+143
1.93159e+143
7.03353e+142
2.22502e+142
6.0758e+141
1.4188e+141
2.80274e+140
4.63106e+139
6.33043e+138
7.08573e+137
6.43452e+136
4.70224e+135
2.74619e+134
1.27423e+133
4.67471e+131
1.3506e+130
3.06314e+128
5.43953e+126
7.54778e+124
8.17025e+122
6.89056e+120
4.52313e+118
2.30909e+116
0
6.49154e+145
6.18785e+145
5.89823e+145
5.622e+145
5.35853e+145
5.10718e+145
4.86737e+145
4.63852e+145
4.42007e+145
4.2115e+145
4.0123e+145
3.82195e+145
3.63999e+145
3.46593e+145
3.29931e+145
3.13968e+145
2.98658e+145
2.83957e+145
2.69821e+145
2.56205e+145
2.43063e+145
2.30351e+145
2.18021e+145
2.06027e+145
1.9432e+145
1.82849e+145
1.71563e+145
1.60407e+145
1.49325e+145
1.38258e+145
1.27145e+145
1.15923e+145
1.04528e+145
9.28985e+144
8.09807e+144
6.8746e+144
5.62217e+144
4.35573e+144
3.11486e+144
1.9821e+144
1.08639e+144
5.14222e+143
2.12221e+143
7.66369e+142
2.41349e+142
6.57591e+141
1.53406e+141
3.02915e+140
5.00434e+139
6.84027e+138
7.65623e+137
6.95253e+136
5.08079e+135
2.96726e+134
1.37681e+133
5.05103e+131
1.45932e+130
3.30973e+128
5.87742e+126
8.15538e+124
8.82796e+122
7.44525e+120
4.88725e+118
2.49498e+116
0
7.69976e+145
7.33955e+145
6.99603e+145
6.6684e+145
6.35589e+145
6.05777e+145
5.77332e+145
5.50188e+145
5.24279e+145
4.99542e+145
4.75915e+145
4.53339e+145
4.31758e+145
4.11114e+145
3.91354e+145
3.72422e+145
3.54266e+145
3.36833e+145
3.20069e+145
3.03922e+145
2.88339e+145
2.73265e+145
2.58645e+145
2.44424e+145
2.30542e+145
2.16939e+145
2.03555e+145
1.90324e+145
1.77178e+145
1.64047e+145
1.50858e+145
1.37532e+145
1.23992e+145
1.10161e+145
9.59693e+144
8.13757e+144
6.64015e+144
5.12138e+144
3.62878e+144
2.26706e+144
1.20799e+144
5.57382e+143
2.25997e+143
8.07624e+142
2.52943e+142
6.87354e+141
1.6016e+141
3.16094e+140
5.22105e+139
7.13596e+138
7.98698e+137
7.25283e+136
5.30022e+135
3.09541e+134
1.43627e+133
5.26917e+131
1.52234e+130
3.45266e+128
6.13125e+126
8.50759e+124
9.20922e+122
7.76679e+120
5.09832e+118
2.60273e+116
0
9.11884e+145
8.69224e+145
8.28541e+145
7.8974e+145
7.5273e+145
7.17424e+145
6.83739e+145
6.51594e+145
6.20911e+145
5.91616e+145
5.63637e+145
5.36903e+145
5.11347e+145
4.86902e+145
4.63503e+145
4.41087e+145
4.19589e+145
3.98948e+145
3.791e+145
3.59984e+145
3.41535e+145
3.2369e+145
3.06382e+145
2.89546e+145
2.73112e+145
2.57009e+145
2.41162e+145
2.25494e+145
2.09925e+145
1.94368e+145
1.78735e+145
1.62931e+145
1.4686e+145
1.30425e+145
1.13535e+145
9.61271e+144
7.82092e+144
5.99582e+144
4.19381e+144
2.54953e+144
1.30172e+144
5.79571e+143
2.29623e+143
8.10008e+142
2.52023e+142
6.82739e+141
1.58868e+141
3.13368e+140
5.17487e+139
7.07227e+138
7.91546e+137
7.1878e+136
5.25268e+135
3.06764e+134
1.42339e+133
5.22191e+131
1.50869e+130
3.42169e+128
6.07625e+126
8.43127e+124
9.12661e+122
7.69712e+120
5.05258e+118
2.57938e+116
0
1.07793e+146
1.0275e+146
9.79412e+145
9.33546e+145
8.89798e+145
8.48065e+145
8.08247e+145
7.7025e+145
7.33983e+145
6.99356e+145
6.66285e+145
6.34687e+145
6.04482e+145
5.75591e+145
5.47937e+145
5.21445e+145
4.9604e+145
4.71648e+145
4.48195e+145
4.25606e+145
4.03807e+145
3.82723e+145
3.62274e+145
3.42383e+145
3.22966e+145
3.03939e+145
2.85213e+145
2.66696e+145
2.48291e+145
2.29893e+145
2.11396e+145
1.92683e+145
1.73634e+145
1.54125e+145
1.34036e+145
1.13272e+145
9.18079e+144
6.98121e+144
4.79324e+144
2.79201e+144
1.33005e+144
5.62582e+143
2.16298e+143
7.51168e+142
2.31958e+142
6.26222e+141
1.455e+141
2.86826e+140
4.73544e+139
6.47115e+138
7.24244e+137
6.57659e+136
4.806e+135
2.80677e+134
1.30234e+133
4.77784e+131
1.38039e+130
3.13071e+128
5.55952e+126
7.71428e+124
8.35048e+122
7.04256e+120
4.62291e+118
2.36003e+116
0
1.2713e+146
1.21183e+146
1.15511e+146
1.10102e+146
1.04942e+146
1.00021e+146
9.53248e+145
9.08438e+145
8.65668e+145
8.24833e+145
7.85835e+145
7.48574e+145
7.12957e+145
6.7889e+145
6.46283e+145
6.15048e+145
5.85096e+145
5.56339e+145
5.28691e+145
5.02064e+145
4.7637e+145
4.51518e+145
4.27417e+145
4.03973e+145
3.81088e+145
3.58661e+145
3.36587e+145
3.14755e+145
2.93047e+145
2.71339e+145
2.49499e+145
2.27385e+145
2.04846e+145
1.81722e+145
1.57851e+145
1.33085e+145
1.0734e+145
8.07265e+144
5.39268e+144
2.92073e+144
1.22492e+144
4.79989e+143
1.7762e+143
6.05952e+142
1.8562e+142
4.99367e+141
1.15854e+141
2.28248e+140
3.76746e+139
5.14792e+138
5.76132e+137
5.23158e+136
3.82309e+135
2.23274e+134
1.03599e+133
3.80068e+131
1.09807e+130
2.49042e+128
4.4225e+126
6.13656e+124
6.64265e+122
5.60222e+120
3.67744e+118
1.87736e+116
0
1.49518e+146
1.42523e+146
1.35853e+146
1.29491e+146
1.23423e+146
1.17635e+146
1.12112e+146
1.06843e+146
1.01813e+146
9.70112e+145
9.24252e+145
8.80438e+145
8.38558e+145
7.98503e+145
7.60167e+145
7.23445e+145
6.88233e+145
6.5443e+145
6.21932e+145
5.90636e+145
5.60438e+145
5.31233e+145
5.02911e+145
4.75362e+145
4.48471e+145
4.22116e+145
3.96172e+145
3.70507e+145
3.44978e+145
3.19437e+145
2.93721e+145
2.67654e+145
2.41047e+145
2.13693e+145
1.85368e+145
1.55847e+145
1.24931e+145
9.2577e+144
5.93161e+144
2.78746e+144
8.61043e+143
2.99166e+143
1.05768e+143
3.54468e+142
1.07801e+142
2.89145e+141
6.69999e+140
1.31933e+140
2.17728e+139
2.97486e+138
3.32925e+137
3.02311e+136
2.2092e+135
1.2902e+134
5.98652e+132
2.19624e+131
6.34528e+129
1.4391e+128
2.55556e+126
3.54604e+124
3.83849e+122
3.23727e+120
2.12503e+118
1.08484e+116
0
1.7525e+146
1.67052e+146
1.59233e+146
1.51777e+146
1.44665e+146
1.37881e+146
1.31409e+146
1.25233e+146
1.19338e+146
1.13711e+146
1.08336e+146
1.03202e+146
9.82948e+145
9.36015e+145
8.91099e+145
8.48077e+145
8.06828e+145
7.67231e+145
7.29168e+145
6.92516e+145
6.57153e+145
6.22955e+145
5.89795e+145
5.57541e+145
5.26057e+145
4.95199e+145
4.64819e+145
4.34758e+145
4.04845e+145
3.74899e+145
3.44722e+145
3.14098e+145
2.82786e+145
2.50519e+145
2.16993e+145
1.81864e+145
1.44749e+145
1.05259e+145
6.32515e+144
2.07328e+144
0
0
0
0
0
0
0
0
0
0
0
0
0
0
0
0
0
0
0
0
0
0
0
0
0
2.04569e+146
1.94999e+146
1.85873e+146
1.77169e+146
1.68868e+146
1.6095e+146
1.53395e+146
1.46187e+146
1.39307e+146
1.32739e+146
1.26468e+146
1.20476e+146
1.1475e+146
1.09274e+146
1.04033e+146
9.9014e+145
9.42022e+145
8.95837e+145
8.51445e+145
8.08705e+145
7.67473e+145
7.27604e+145
6.88948e+145
6.51352e+145
6.14654e+145
5.78686e+145
5.43269e+145
5.08215e+145
4.7332e+145
4.38365e+145
4.03108e+145
3.67283e+145
3.3059e+145
2.92685e+145
2.53167e+145
2.11543e+145
1.67178e+145
1.19127e+145
6.54982e+144
0
0
0
0
0
0
0
0
0
0
0
0
0
0
0
0
0
0
0
0
0
0
0
0
0
0
2.37632e+146
2.26515e+146
2.15915e+146
2.05805e+146
1.96162e+146
1.86965e+146
1.7819e+146
1.69818e+146
1.61828e+146
1.54201e+146
1.46917e+146
1.3996e+146
1.3331e+146
1.26952e+146
1.20868e+146
1.15042e+146
1.09457e+146
1.04097e+146
9.89464e+145
9.39878e+145
8.92049e+145
8.45808e+145
8.00981e+145
7.57387e+145
7.14838e+145
6.73135e+145
6.32068e+145
5.91412e+145
5.50924e+145
5.10341e+145
4.6937e+145
4.27689e+145
3.84927e+145
3.40657e+145
2.94373e+145
2.45446e+145
1.93061e+145
1.36067e+145
7.26711e+144
0
0
0
0
0
0
0
0
0
0
0
0
0
0
0
0
0
0
0
0
0
0
0
0
0
0
2.74479e+146
2.61639e+146
2.49394e+146
2.37717e+146
2.26581e+146
2.15958e+146
2.05824e+146
1.96155e+146
1.86928e+146
1.78121e+146
1.69711e+146
1.61678e+146
1.54001e+146
1.46661e+146
1.39639e+146
1.32915e+146
1.2647e+146
1.20286e+146
1.14344e+146
1.08625e+146
1.0311e+146
9.77793e+145
9.26123e+145
8.75883e+145
8.26852e+145
7.788e+145
7.31477e+145
6.8462e+145
6.3794e+145
5.91122e+145
5.4382e+145
4.9564e+145
4.4614e+145
3.94802e+145
3.41014e+145
2.84027e+145
2.22895e+145
1.56379e+145
8.2803e+144
0
0
0
0
0
0
0
0
0
0
0
0
0
0
0
0
0
0
0
0
0
0
0
0
0
0
3.15013e+146
3.00277e+146
2.86225e+146
2.72824e+146
2.60044e+146
2.47854e+146
2.36225e+146
2.25131e+146
2.14543e+146
2.04438e+146
1.9479e+146
1.85575e+146
1.76769e+146
1.68351e+146
1.60298e+146
1.52589e+146
1.45201e+146
1.38113e+146
1.31304e+146
1.24752e+146
1.18435e+146
1.1233e+146
1.06415e+146
1.00664e+146
9.50533e+145
8.95549e+145
8.41401e+145
7.87779e+145
7.34344e+145
6.80725e+145
6.26507e+145
5.71228e+145
5.14358e+145
4.55283e+145
3.93281e+145
3.27481e+145
2.56809e+145
1.79909e+145
9.50426e+144
0
0
0
0
0
0
0
0
0
0
0
0
0
0
0
0
0
0
0
0
0
0
0
0
0
0
3.59015e+146
3.4222e+146
3.26206e+146
3.10934e+146
2.9637e+146
2.82479e+146
2.69228e+146
2.56586e+146
2.44524e+146
2.33011e+146
2.22019e+146
2.11522e+146
2.01493e+146
1.91906e+146
1.82737e+146
1.73959e+146
1.6555e+146
1.57484e+146
1.49737e+146
1.42284e+146
1.35101e+146
1.28161e+146
1.21438e+146
1.14905e+146
1.08531e+146
1.02287e+146
9.61378e+145
9.00482e+145
8.39784e+145
7.78848e+145
7.1719e+145
6.54262e+145
5.8944e+145
5.22004e+145
4.51108e+145
3.75744e+145
2.94684e+145
2.06408e+145
1.08997e+145
0
0
0
0
0
0
0
0
0
0
0
0
0
0
0
0
0
0
0
0
0
0
0
0
0
0
4.06197e+146
3.87195e+146
3.69077e+146
3.51799e+146
3.35322e+146
3.19608e+146
3.04618e+146
2.90318e+146
2.76674e+146
2.63652e+146
2.51222e+146
2.39351e+146
2.28012e+146
2.17173e+146
2.06808e+146
1.96889e+146
1.87386e+146
1.78274e+146
1.69525e+146
1.6111e+146
1.53002e+146
1.45172e+146
1.37588e+146
1.30221e+146
1.23036e+146
1.15998e+146
1.09069e+146
1.02207e+146
9.53652e+145
8.84944e+145
8.15375e+145
7.44304e+145
6.71004e+145
5.94631e+145
5.14202e+145
4.28547e+145
3.36259e+145
2.3561e+145
1.24441e+145
0
0
0
0
0
0
0
0
0
0
0
0
0
0
0
0
0
0
0
0
0
0
0
0
0
0
4.5632e+146
4.34974e+146
4.1462e+146
3.95212e+146
3.76703e+146
3.59052e+146
3.42215e+146
3.26154e+146
3.10831e+146
2.96207e+146
2.82249e+146
2.6892e+146
2.56189e+146
2.44023e+146
2.3239e+146
2.21258e+146
2.10597e+146
2.00376e+146
1.90565e+146
1.81131e+146
1.72044e+146
1.63272e+146
1.54779e+146
1.4653e+146
1.38489e+146
1.30614e+146
1.22861e+146
1.15184e+146
1.0753e+146
9.98396e+145
9.20483e+145
8.40817e+145
7.58551e+145
6.72708e+145
5.82146e+145
4.85516e+145
3.81205e+145
2.67245e+145
1.41203e+145
0
0
0
0
0
0
0
0
0
0
0
0
0
0
0
0
0
0
0
0
0
0
0
0
0
0
5.09334e+146
4.85508e+146
4.6279e+146
4.41128e+146
4.20471e+146
4.00771e+146
3.81981e+146
3.64058e+146
3.46958e+146
3.30641e+146
3.15066e+146
3.00197e+146
2.85995e+146
2.72425e+146
2.5945e+146
2.47038e+146
2.35152e+146
2.2376e+146
2.12826e+146
2.02317e+146
1.92197e+146
1.8243e+146
1.72977e+146
1.63799e+146
1.54855e+146
1.46097e+146
1.37478e+146
1.28943e+146
1.20433e+146
1.11881e+146
1.03211e+146
9.43391e+145
8.51674e+145
7.55833e+145
6.54557e+145
5.46298e+145
4.29212e+145
3.01071e+145
1.5914e+145
0
0
0
0
0
0
0
0
0
0
0
0
0
0
0
0
0
0
0
0
0
0
0
0
0
0
5.65481e+146
5.39029e+146
5.13807e+146
4.89758e+146
4.66826e+146
4.44956e+146
4.24097e+146
4.04201e+146
3.8522e+146
3.67109e+146
3.49823e+146
3.3332e+146
3.1756e+146
3.02503e+146
2.88108e+146
2.74338e+146
2.61156e+146
2.48522e+146
2.364e+146
2.2475e+146
2.13535e+146
2.02714e+146
1.92244e+146
1.82081e+146
1.7218e+146
1.62488e+146
1.5295e+146
1.43507e+146
1.3409e+146
1.24625e+146
1.15025e+146
1.05196e+146
9.50245e+145
8.43833e+145
7.31227e+145
6.10668e+145
4.80067e+145
3.36913e+145
1.78151e+145
0
0
0
0
0
0
0
0
0
0
0
0
0
0
0
0
0
0
0
0
0
0
0
0
0
0
6.25259e+146
5.96011e+146
5.68124e+146
5.41533e+146
5.16177e+146
4.91997e+146
4.68935e+146
4.46938e+146
4.25954e+146
4.05931e+146
3.86822e+146
3.6858e+146
3.5116e+146
3.34517e+146
3.18609e+146
3.03392e+146
2.88826e+146
2.74868e+146
2.61477e+146
2.4861e+146
2.36225e+146
2.24278e+146
2.1272e+146
2.01505e+146
1.90579e+146
1.79887e+146
1.69366e+146
1.5895e+146
1.48563e+146
1.38121e+146
1.27528e+146
1.16676e+146
1.05439e+146
9.36736e+145
8.12103e+145
6.78515e+145
5.3363e+145
3.74642e+145
1.98154e+145
0
0
0
0
0
0
0
0
0
0
0
0
0
0
0
0
0
0
0
0
0
0
0
0
0
0
6.89068e+146
6.56835e+146
6.26102e+146
5.96798e+146
5.68855e+146
5.42208e+146
5.16794e+146
4.92553e+146
4.69429e+146
4.47365e+146
4.26308e+146
4.06207e+146
3.87012e+146
3.68674e+146
3.51146e+146
3.34381e+146
3.18333e+146
3.02957e+146
2.88206e+146
2.74034e+146
2.60393e+146
2.47235e+146
2.34509e+146
2.2216e+146
2.1013e+146
1.98359e+146
1.86778e+146
1.75311e+146
1.63877e+146
1.52381e+146
1.40718e+146
1.28766e+146
1.16387e+146
1.0342e+146
8.96781e+145
7.49414e+145
5.89499e+145
4.13931e+145
2.1896e+145
0
0
0
0
0
0
0
0
0
0
0
0
0
0
0
0
0
0
0
0
0
0
0
0
0
0
7.56165e+146
7.20793e+146
6.87067e+146
6.5491e+146
6.24246e+146
5.95004e+146
5.67115e+146
5.40513e+146
5.15136e+146
4.90922e+146
4.67814e+146
4.45755e+146
4.24689e+146
4.04563e+146
3.85326e+146
3.66927e+146
3.49314e+146
3.32437e+146
3.16246e+146
3.00689e+146
2.85716e+146
2.71271e+146
2.573e+146
2.43741e+146
2.30534e+146
2.17608e+146
2.0489e+146
1.92299e+146
1.79742e+146
1.67117e+146
1.54309e+146
1.41186e+146
1.27596e+146
1.13363e+146
9.82849e+145
8.21207e+145
6.45873e+145
4.53453e+145
2.39841e+145
0
0
0
0
0
0
0
0
0
0
0
0
0
0
0
0
0
0
0
0
0
0
0
0
0
0
8.21706e+146
7.83268e+146
7.46619e+146
7.11673e+146
6.78349e+146
6.46569e+146
6.1626e+146
5.87348e+146
5.59767e+146
5.33448e+146
5.0833e+146
4.8435e+146
4.61449e+146
4.39567e+146
4.1865e+146
3.9864e+146
3.79483e+146
3.61124e+146
3.43507e+146
3.26577e+146
3.10278e+146
2.9455e+146
2.79332e+146
2.64561e+146
2.50167e+146
2.36077e+146
2.2221e+146
2.08479e+146
1.94785e+146
1.8102e+146
1.6706e+146
1.52764e+146
1.37973e+146
1.22501e+146
1.06134e+146
8.86169e+145
6.96501e+145
4.88712e+145
2.58379e+145
0
0
0
0
0
0
0
0
0
0
0
0
0
0
0
0
0
0
0
0
0
0
0
0
0
0
8.681e+146
8.27491e+146
7.88771e+146
7.51848e+146
7.16638e+146
6.83057e+146
6.51028e+146
6.20473e+146
5.91322e+146
5.63502e+146
5.36947e+146
5.11591e+146
4.87372e+146
4.64226e+146
4.42094e+146
4.20916e+146
4.00633e+146
3.81187e+146
3.62519e+146
3.4457e+146
3.27279e+146
3.10584e+146
2.94421e+146
2.78721e+146
2.63412e+146
2.48419e+146
2.33656e+146
2.19034e+146
2.04453e+146
1.89802e+146
1.74956e+146
1.59776e+146
1.44103e+146
1.27752e+146
1.10512e+146
9.21305e+145
7.23059e+145
5.06702e+145
2.67639e+145
0
0
0
0
0
0
0
0
0
0
0
0
0
0
0
0
0
0
0
0
0
0
0
0
0
0
8.4177e+146
8.02392e+146
7.64842e+146
7.29033e+146
6.94881e+146
6.62306e+146
6.31232e+146
6.01584e+146
5.73291e+146
5.46286e+146
5.20501e+146
4.95874e+146
4.72341e+146
4.49841e+146
4.28317e+146
4.07708e+146
3.87957e+146
3.69007e+146
3.508e+146
3.33277e+146
3.16379e+146
3.00045e+146
2.84213e+146
2.68818e+146
2.5379e+146
2.39057e+146
2.24541e+146
2.1016e+146
1.95822e+146
1.81429e+146
1.66871e+146
1.52028e+146
1.36763e+146
1.20917e+146
1.04309e+146
8.67194e+145
6.78824e+145
4.74633e+145
2.50287e+145
0
0
0
0
0
0
0
0
0
0
0
0
0
0
0
0
0
0
0
0
0
0
0
0
0
0
6.10722e+146
5.8215e+146
5.54903e+146
5.28915e+146
5.04126e+146
4.80477e+146
4.57913e+146
4.36379e+146
4.15824e+146
3.96196e+146
3.77449e+146
3.59533e+146
3.42404e+146
3.26017e+146
3.10327e+146
2.95292e+146
2.80868e+146
2.67013e+146
2.53683e+146
2.40837e+146
2.2843e+146
2.16418e+146
2.04756e+146
1.93398e+146
1.82295e+146
1.71397e+146
1.60651e+146
1.50004e+146
1.39396e+146
1.28766e+146
1.18046e+146
1.07164e+146
9.6037e+145
8.45726e+145
7.26604e+145
6.01663e+145
4.69207e+145
3.27009e+145
1.72034e+145
0
0
0
0
0
0
0
0
0
0
0
0
0
0
0
0
0
0
0
0
0
0
0
0
0
0
0
0
0
0
0
0
0
0
0
0
0
0
0
0
0
0
0
0
0
0
0
0
0
0
0
0
0
0
0
0
0
0
0
0
0
0
0
0
0
0
0
0
0
0
0
0
0
0
0
0
0
0
0
0
0
0
0
0
0
0
0
0
0
0
0
