2
2.95313
4.375
6.35938
9
12.3906
16.625
21.7969
28
35.3281
43.875
53.7344
65
77.7656
92.125
108.172
126
145.703
167.375
191.109
217
245.141
275.625
308.547
344
382.078
422.875
466.484
513
562.516
615.125
670.922
730
792.453
858.375
927.859
2.95313
3.90625
5.32813
7.3125
9.95313
13.3438
17.5781
22.75
28.9531
36.2813
44.8281
54.6875
65.9531
78.7188
93.0781
109.125
126.953
146.656
168.328
192.063
217.953
246.094
276.578
309.5
344.953
383.031
423.828
467.438
513.953
563.469
616.078
671.875
730.953
793.406
859.328
928.813
4.375
5.32813
6.75
8.73438
11.375
14.7656
19
24.1719
30.375
37.7031
46.25
56.1094
67.375
80.1406
94.5
110.547
128.375
148.078
169.75
193.484
219.375
247.516
278
310.922
346.375
384.453
425.25
468.859
515.375
564.891
617.5
673.297
732.375
794.828
860.75
930.234
6.35938
7.3125
8.73438
10.7188
13.3594
16.75
20.9844
26.1563
32.3594
39.6875
48.2344
58.0938
69.3594
82.125
96.4844
112.531
130.359
150.063
171.734
195.469
221.359
249.5
279.984
312.906
348.359
386.438
427.234
470.844
517.359
566.875
619.484
675.281
734.359
796.813
862.734
932.219
9
9.95313
11.375
13.3594
16
19.3906
23.625
28.7969
35
42.3281
50.875
60.7344
72
84.7656
99.125
115.172
133
152.703
174.375
198.109
224
252.141
282.625
315.547
351
389.078
429.875
473.484
520
569.516
622.125
677.922
737
799.453
865.375
934.859
12.3906
13.3438
14.7656
16.75
19.3906
22.7813
27.0156
32.1875
38.3906
45.7188
54.2656
64.125
75.3906
88.1563
102.516
118.563
136.391
156.094
177.766
201.5
227.391
255.531
286.016
318.938
354.391
392.469
433.266
476.875
523.391
572.906
625.516
681.313
740.391
802.844
868.766
938.25
16.625
17.5781
19
20.9844
23.625
27.0156
31.25
36.4219
42.625
49.9531
58.5
68.3594
79.625
92.3906
106.75
122.797
140.625
160.328
182
205.734
231.625
259.766
290.25
323.172
358.625
396.703
437.5
481.109
527.625
577.141
629.75
685.547
744.625
807.078
873
942.484
21.7969
22.75
24.1719
26.1563
28.7969
32.1875
36.4219
41.5938
47.7969
55.125
63.6719
73.5313
84.7969
97.5625
111.922
127.969
145.797
165.5
187.172
210.906
236.797
264.938
295.422
328.344
363.797
401.875
442.672
486.281
532.797
582.313
634.922
690.719
749.797
812.25
878.172
947.656
28
28.9531
30.375
32.3594
35
38.3906
42.625
47.7969
54
61.3281
69.875
79.7344
91
103.766
118.125
134.172
152
171.703
193.375
217.109
243
271.141
301.625
334.547
370
408.078
448.875
492.484
539
588.516
641.125
696.922
756
818.453
884.375
953.859
35.3281
36.2813
37.7031
39.6875
42.3281
45.7188
49.9531
55.125
61.3281
68.6563
77.2031
87.0625
98.3281
111.094
125.453
141.5
159.328
179.031
200.703
224.438
250.328
278.469
308.953
341.875
377.328
415.406
456.203
499.813
546.328
595.844
648.453
704.25
763.328
825.781
891.703
961.188
43.875
44.8281
46.25
48.2344
50.875
54.2656
58.5
63.6719
69.875
77.2031
85.75
95.6094
106.875
119.641
134
150.047
167.875
187.578
209.25
232.984
258.875
287.016
317.5
350.422
385.875
423.953
464.75
508.359
554.875
604.391
657
712.797
771.875
834.328
900.25
969.734
53.7344
54.6875
56.1094
58.0938
60.7344
64.125
68.3594
73.5313
79.7344
87.0625
95.6094
105.469
116.734
129.5
143.859
159.906
177.734
197.438
219.109
242.844
268.734
296.875
327.359
360.281
395.734
433.813
474.609
518.219
564.734
614.25
666.859
722.656
781.734
844.188
910.109
979.594
65
65.9531
67.375
69.3594
72
75.3906
79.625
84.7969
91
98.3281
106.875
116.734
128
140.766
155.125
171.172
189
208.703
230.375
254.109
280
308.141
338.625
371.547
407
445.078
485.875
529.484
576
625.516
678.125
733.922
793
855.453
921.375
990.859
77.7656
78.7188
80.1406
82.125
84.7656
88.1563
92.3906
97.5625
103.766
111.094
119.641
129.5
140.766
153.531
167.891
183.938
201.766
221.469
243.141
266.875
292.766
320.906
351.391
384.313
419.766
457.844
498.641
542.25
588.766
638.281
690.891
746.688
805.766
868.219
934.141
1003.63
92.125
93.0781
94.5
96.4844
99.125
102.516
106.75
111.922
118.125
125.453
134
143.859
155.125
167.891
182.25
198.297
216.125
235.828
257.5
281.234
307.125
335.266
365.75
398.672
434.125
472.203
513
556.609
603.125
652.641
705.25
761.047
820.125
882.578
948.5
1017.98
108.172
109.125
110.547
112.531
115.172
118.563
122.797
127.969
134.172
141.5
150.047
159.906
171.172
183.938
198.297
214.344
232.172
251.875
273.547
297.281
323.172
351.313
381.797
414.719
450.172
488.25
529.047
572.656
619.172
668.688
721.297
777.094
836.172
898.625
964.547
1034.03
126
126.953
128.375
130.359
133
136.391
140.625
145.797
152
159.328
167.875
177.734
189
201.766
216.125
232.172
250
269.703
291.375
315.109
0
0
0
0
0
0
0
0
0
0
0
0
0
0
0
0
145.703
146.656
148.078
150.063
152.703
156.094
160.328
165.5
171.703
179.031
187.578
197.438
208.703
221.469
235.828
251.875
269.703
289.406
311.078
334.813
0
0
0
0
0
0
0
0
0
0
0
0
0
0
0
0
167.375
168.328
169.75
171.734
174.375
177.766
182
187.172
193.375
200.703
209.25
219.109
230.375
243.141
257.5
273.547
291.375
311.078
332.75
356.484
0
0
0
0
0
0
0
0
0
0
0
0
0
0
0
0
191.109
192.063
193.484
195.469
198.109
201.5
205.734
210.906
217.109
224.438
232.984
242.844
254.109
266.875
281.234
297.281
315.109
334.813
356.484
380.219
0
0
0
0
0
0
0
0
0
0
0
0
0
0
0
0
217
217.953
219.375
221.359
224
227.391
231.625
236.797
243
250.328
258.875
268.734
280
292.766
307.125
323.172
341
360.703
382.375
406.109
0
0
0
0
0
0
0
0
0
0
0
0
0
0
0
0
245.141
246.094
247.516
249.5
252.141
255.531
259.766
264.938
271.141
278.469
287.016
296.875
308.141
320.906
335.266
351.313
369.141
388.844
410.516
434.25
0
0
0
0
0
0
0
0
0
0
0
0
0
0
0
0
275.625
276.578
278
279.984
282.625
286.016
290.25
295.422
301.625
308.953
317.5
327.359
338.625
351.391
365.75
381.797
399.625
419.328
441
464.734
0
0
0
0
0
0
0
0
0
0
0
0
0
0
0
0
308.547
309.5
310.922
312.906
315.547
318.938
323.172
328.344
334.547
341.875
350.422
360.281
371.547
384.313
398.672
414.719
432.547
452.25
473.922
497.656
0
0
0
0
0
0
0
0
0
0
0
0
0
0
0
0
344
344.953
346.375
348.359
351
354.391
358.625
363.797
370
377.328
385.875
395.734
407
419.766
434.125
450.172
468
487.703
509.375
533.109
0
0
0
0
0
0
0
0
0
0
0
0
0
0
0
0
382.078
383.031
384.453
386.438
389.078
392.469
396.703
401.875
408.078
415.406
423.953
433.813
445.078
457.844
472.203
488.25
506.078
525.781
547.453
571.188
0
0
0
0
0
0
0
0
0
0
0
0
0
0
0
0
422.875
423.828
425.25
427.234
429.875
433.266
437.5
442.672
448.875
456.203
464.75
474.609
485.875
498.641
513
529.047
546.875
566.578
588.25
611.984
0
0
0
0
0
0
0
0
0
0
0
0
0
0
0
0
466.484
467.438
468.859
470.844
473.484
476.875
481.109
486.281
492.484
499.813
508.359
518.219
529.484
542.25
556.609
572.656
590.484
610.188
631.859
655.594
0
0
0
0
0
0
0
0
0
0
0
0
0
0
0
0
