0
0
0
0
0
0
0
0
0
0
0
0
0
0
0
0
0
0
24.4564
48.2969
72.3245
96.2558
118.965
138.168
149.66
146.563
123.414
107.117
118.525
139.521
165.778
197.487
231.214
0
0
50.6445
101.855
153.825
205.557
254.442
295.358
318.929
309.764
255.34
215.957
237.535
279.262
331.583
394.757
461.335
0
0
78.7648
160.568
244.356
327.838
406.391
471.325
506.835
486.722
388.589
316.096
345.143
405.19
480.697
571.857
667.11
0
0
108.865
224.07
343.169
462.058
573.436
664.106
710.161
671.212
509.54
389
420.902
493.34
584.69
694.968
809.463
0
0
140.718
291.505
448.589
605.696
752.146
869.103
922.355
852.051
593.754
402.788
430.851
504.15
596.802
708.651
824.562
0
0
173.651
361.149
557.468
753.967
935.991
1077.85
1132.26
1011.48
598.282
303.481
319.86
373.683
441.755
523.941
609.661
0
0
206.262
429.744
664.18
898.488
1113.7
1276.37
1323.15
1125.58
447.119
0
0
0
0
0
0
0
0
235.85
491.238
758.631
1024.64
1266.25
1442.48
1472.97
1175.28
0
0
0
0
0
0
0
0
0
257.078
533.874
821.671
1105.43
1359.71
1539.24
1554.74
1206.68
0
0
0
0
0
0
0
0
0
258.317
532.354
812.864
1085.12
1325.21
1490.93
1498.18
1157.36
0
0
0
0
0
0
0
0
0
209.573
423.08
633.879
832.558
1004.29
1122.11
1129.03
886.492
0
0
0
0
0
0
0
0
0
0
0
0
0
0
0
0
0
0
0
0
0
0
0
0
0
