1.78922e-08
0
0
0
0
0
0
0
0
0
0
0
0
0
0
0
0
1.35247e-08
7.30991e-09
6.68351e-09
6.74888e-09
6.72247e-09
6.26153e-09
5.20107e-09
3.69051e-09
2.06504e-09
6.81432e-10
1.15918e-10
1.23066e-11
8.95284e-13
8.52651e-14
2.84217e-14
2.84217e-14
0
1.29829e-08
1.39814e-08
1.45933e-08
1.49305e-08
1.48998e-08
1.38725e-08
1.1505e-08
8.14956e-09
4.55098e-09
1.48942e-09
2.50296e-10
2.6418e-11
1.93268e-12
1.7053e-13
5.68434e-14
5.68434e-14
0
1.23048e-08
2.23291e-08
2.42911e-08
2.49249e-08
2.49399e-08
2.31947e-08
1.91665e-08
1.35234e-08
7.51758e-09
2.41316e-09
3.93854e-10
4.09699e-11
2.94165e-12
1.98952e-13
2.84217e-14
5.68434e-14
0
4.29369e-08
3.93017e-08
3.6829e-08
3.7255e-08
3.74683e-08
3.47564e-08
2.85142e-08
1.99692e-08
1.10058e-08
3.39783e-09
5.21865e-10
5.27791e-11
3.73745e-12
2.55795e-13
8.52651e-14
2.84217e-14
0
1.05445e-07
5.79328e-08
4.96896e-08
5.23141e-08
5.3564e-08
4.93838e-08
3.99707e-08
2.76305e-08
1.50044e-08
4.29264e-09
5.80371e-10
5.57208e-11
3.85114e-12
2.27374e-13
5.68434e-14
0
0
8.26548e-08
9.128e-09
5.27835e-08
7.18373e-08
7.56676e-08
6.84561e-08
5.40378e-08
3.65615e-08
1.93841e-08
4.74071e-09
4.65221e-10
4.06146e-11
2.72848e-12
1.42109e-13
5.68434e-14
5.68434e-14
0
1.02593e-07
9.30466e-08
1.05453e-07
1.14484e-07
1.1042e-07
9.41614e-08
7.10685e-08
4.65132e-08
2.378e-08
3.9323e-09
0
0
0
0
0
0
0
2.7654e-08
1.20186e-07
1.81867e-07
1.87808e-07
1.63691e-07
1.27577e-07
9.01119e-08
5.63545e-08
2.74496e-08
0
0
0
0
0
0
0
0
9.50733e-07
6.85951e-07
4.87664e-07
3.42938e-07
2.38192e-07
1.61841e-07
1.05331e-07
6.27498e-08
2.95171e-08
0
0
0
0
0
0
0
0
7.05067e-07
5.57675e-07
4.24806e-07
3.12095e-07
2.21445e-07
1.51328e-07
9.82187e-08
5.81261e-08
2.70819e-08
0
0
0
0
0
0
0
0
1.42621e-07
4.07948e-08
2.88116e-08
6.68315e-08
7.82962e-08
7.12942e-08
5.45961e-08
3.52459e-08
1.70508e-08
0
0
0
0
0
0
0
0
0
0
0
0
0
0
0
0
0
0
0
0
0
0
0
0
0
