4.51528e-08
0
0
0
0
0
0
0
0
0
0
0
0
0
0
0
0
5.07219e-08
1.93489e-09
5.45907e-09
6.35022e-09
5.14666e-09
3.59216e-09
2.33547e-09
1.42109e-09
7.39703e-10
2.38742e-10
4.03588e-11
4.20641e-12
2.27374e-13
2.27374e-13
0
0
0
7.61883e-08
1.20056e-08
1.37993e-08
1.43697e-08
1.1384e-08
7.89589e-09
5.13296e-09
3.12696e-09
1.62748e-09
5.21482e-10
8.73115e-11
9.20863e-12
9.09495e-13
0
2.27374e-13
4.54747e-13
0
1.78288e-07
7.8055e-09
2.43956e-08
2.48648e-08
1.89129e-08
1.2957e-08
8.42618e-09
5.14757e-09
2.67903e-09
8.43784e-10
1.37334e-10
1.42109e-11
1.59162e-12
4.54747e-13
0
4.54747e-13
0
1.9823e-07
8.58817e-08
5.49872e-08
3.96196e-08
2.77545e-08
1.86873e-08
1.21897e-08
7.48969e-09
3.89747e-09
1.18541e-09
1.82013e-10
1.84173e-11
2.04636e-12
6.82121e-13
0
9.09495e-13
0
6.94235e-08
9.52931e-08
7.71236e-08
5.43662e-08
3.67849e-08
2.46577e-08
1.62782e-08
1.0113e-08
5.25966e-09
1.4918e-09
2.02022e-10
1.94404e-11
1.81899e-12
4.54747e-13
0
4.54747e-13
0
3.18762e-07
1.78356e-07
1.04673e-07
6.5481e-08
4.34897e-08
2.9897e-08
2.03698e-08
1.29038e-08
6.69638e-09
1.63834e-09
1.61663e-10
1.40972e-11
1.13687e-12
4.54747e-13
2.27374e-13
9.09495e-13
0
7.10893e-08
7.47843e-08
6.56193e-08
5.37646e-08
4.28046e-08
3.3042e-08
2.40397e-08
1.56719e-08
8.07375e-09
1.34889e-09
0
0
0
0
0
0
0
5.02139e-08
8.189e-09
1.99871e-08
3.46847e-08
3.85132e-08
3.49478e-08
2.73145e-08
1.82245e-08
9.20869e-09
0
0
0
0
0
0
0
0
5.04333e-08
5.48775e-09
2.5007e-08
4.12012e-08
4.51975e-08
4.05385e-08
3.1178e-08
2.03979e-08
1.00457e-08
0
0
0
0
0
0
0
0
1.92469e-07
1.56818e-07
1.25224e-07
9.753e-08
7.34247e-08
5.26975e-08
3.53123e-08
2.12085e-08
9.91321e-09
0
0
0
0
0
0
0
0
3.13698e-07
2.40699e-07
1.7635e-07
1.22927e-07
8.1367e-08
5.10874e-08
3.02715e-08
1.64794e-08
7.2157e-09
0
0
0
0
0
0
0
0
0
0
0
0
0
0
0
0
0
0
0
0
0
0
0
0
0
