1 1
1.40817 1
1.87906 1
2.42233 1
3.04909 1
3.77218 1
4.6064 1
5.56883 1
6.67918 1
7.96018 1
9.43805 1
11.1431 1
13.1101 1
15.3795 1
17.9976 1
21.0181 1
24.5029 1
28.5232 1
33.1614 1
38.5124 1
44.6859 1
51.8081 1
60.025 1
69.5047 1
80.4413 1
93.0588 1
107.615 1
124.409 1
143.784 1
166.137 1
191.925 1
221.676 1
256 1
1 1.32369
256 1.32369
1 1.69713
256 1.69713
1 2.12796
256 2.12796
1 2.62501
256 2.62501
1 3.19845
256 3.19845
1 3.86001
256 3.86001
1 4.62326
256 4.62326
1 5.50381
256 5.50381
1 6.51969
256 6.51969
1 7.6917
256 7.6917
1 9.04383
256 9.04383
1 10.6038
256 10.6038
1 12.4035
256 12.4035
1 14.4798
256 14.4798
1 16.8752
44.6859 16.8752
51.8081 16.8752
60.025 16.8752
69.5047 16.8752
80.4413 16.8752
93.0588 16.8752
107.615 16.8752
124.409 16.8752
143.784 16.8752
166.137 16.8752
191.925 16.8752
221.676 16.8752
256 16.8752
1 19.6387
38.5124 19.6387
1 22.827
38.5124 22.827
1 26.5052
38.5124 26.5052
1 30.7488
38.5124 30.7488
1 35.6446
38.5124 35.6446
1 41.2928
38.5124 41.2928
1 47.8091
38.5124 47.8091
1 55.3268
38.5124 55.3268
1 64
1.40817 64
1.87906 64
2.42233 64
3.04909 64
3.77218 64
4.6064 64
5.56883 64
6.67918 64
7.96018 64
9.43805 64
11.1431 64
13.1101 64
15.3795 64
17.9976 64
21.0181 64
24.5029 64
28.5232 64
33.1614 64
38.5124 64
