1 1
1.25 1
1.5 1
1.75 1
2 1
2.25 1
2.5 1
2.75 1
3 1
3.25 1
3.5 1
3.75 1
4 1
4.25 1
4.5 1
4.75 1
5 1
5.25 1
5.5 1
5.75 1
6 1
6.25 1
6.5 1
6.75 1
7 1
7.25 1
7.5 1
7.75 1
8 1
8.25 1
8.5 1
8.75 1
9 1
1 1.25
9 1.25
1 1.5
9 1.5
1 1.75
9 1.75
1 2
9 2
1 2.25
9 2.25
1 2.5
9 2.5
1 2.75
9 2.75
1 3
9 3
1 3.25
9 3.25
1 3.5
9 3.5
1 3.75
9 3.75
1 4
9 4
1 4.25
9 4.25
1 4.5
9 4.5
1 4.75
6 4.75
6.25 4.75
6.5 4.75
6.75 4.75
7 4.75
7.25 4.75
7.5 4.75
7.75 4.75
8 4.75
8.25 4.75
8.5 4.75
8.75 4.75
9 4.75
1 5
5.75 5
1 5.25
5.75 5.25
1 5.5
5.75 5.5
1 5.75
5.75 5.75
1 6
5.75 6
1 6.25
5.75 6.25
1 6.5
5.75 6.5
1 6.75
5.75 6.75
1 7
1.25 7
1.5 7
1.75 7
2 7
2.25 7
2.5 7
2.75 7
3 7
3.25 7
3.5 7
3.75 7
4 7
4.25 7
4.5 7
4.75 7
5 7
5.25 7
5.5 7
5.75 7
