1 1
3.66235 1
6.8838 1
10.7818 1
15.4983 1
21.2053 1
28.1107 1
36.4663 1
46.5766 1
58.8101 1
73.6125 1
91.5235 1
113.196 1
139.419 1
171.15 1
209.544 1
256 1
1 2.49496
256 2.49496
1 4.30386
256 4.30386
1 6.49263
256 6.49263
1 9.14105
256 9.14105
1 12.3456
256 12.3456
1 16.2232
256 16.2232
1 20.915
73.6125 20.915
91.5235 20.915
113.196 20.915
139.419 20.915
171.15 20.915
209.544 20.915
256 20.915
1 26.5921
58.8101 26.5921
1 33.4614
58.8101 33.4614
1 41.7733
58.8101 41.7733
1 51.8306
58.8101 51.8306
1 64
3.66235 64
6.8838 64
10.7818 64
15.4983 64
21.2053 64
28.1107 64
36.4663 64
46.5766 64
58.8101 64
