0 0
3.22457 0
6.77967 0
10.6992 0
15.0204 0
19.7846 0
25.0371 0
30.8279 0
37.2124 0
44.2512 0
52.0115 0
60.5673 0
70 0
0 3.22457
70 3.22457
0 6.77967
70 6.77967
0 10.6992
70 10.6992
0 15.0204
70 15.0204
0 19.7846
70 19.7846
0 25.0371
70 25.0371
0 30.8279
37.2124 30.8279
44.2512 30.8279
52.0115 30.8279
60.5673 30.8279
70 30.8279
0 37.2124
30.8279 37.2124
0 44.2512
30.8279 44.2512
0 52.0115
30.8279 52.0115
0 60.5673
30.8279 60.5673
0 70
3.22457 70
6.77967 70
10.6992 70
15.0204 70
19.7846 70
25.0371 70
30.8279 70
