1 1
1.125 1
1.25 1
1.375 1
1.5 1
1.625 1
1.75 1
1.875 1
2 1
2.125 1
2.25 1
2.375 1
2.5 1
2.625 1
2.75 1
2.875 1
3 1
3.125 1
3.25 1
3.375 1
3.5 1
3.625 1
3.75 1
3.875 1
4 1
4.125 1
4.25 1
4.375 1
4.5 1
4.625 1
4.75 1
4.875 1
5 1
5.125 1
5.25 1
5.375 1
5.5 1
5.625 1
5.75 1
5.875 1
6 1
6.125 1
6.25 1
6.375 1
6.5 1
6.625 1
6.75 1
6.875 1
7 1
7.125 1
7.25 1
7.375 1
7.5 1
7.625 1
7.75 1
7.875 1
8 1
8.125 1
8.25 1
8.375 1
8.5 1
8.625 1
8.75 1
8.875 1
9 1
1 1.125
9 1.125
1 1.25
9 1.25
1 1.375
9 1.375
1 1.5
9 1.5
1 1.625
9 1.625
1 1.75
9 1.75
1 1.875
9 1.875
1 2
9 2
1 2.125
9 2.125
1 2.25
9 2.25
1 2.375
9 2.375
1 2.5
9 2.5
1 2.625
9 2.625
1 2.75
9 2.75
1 2.875
9 2.875
1 3
9 3
1 3.125
9 3.125
1 3.25
9 3.25
1 3.375
9 3.375
1 3.5
9 3.5
1 3.625
9 3.625
1 3.75
9 3.75
1 3.875
9 3.875
1 4
9 4
1 4.125
9 4.125
1 4.25
9 4.25
1 4.375
9 4.375
1 4.5
9 4.5
1 4.625
9 4.625
1 4.75
9 4.75
1 4.875
6 4.875
6.125 4.875
6.25 4.875
6.375 4.875
6.5 4.875
6.625 4.875
6.75 4.875
6.875 4.875
7 4.875
7.125 4.875
7.25 4.875
7.375 4.875
7.5 4.875
7.625 4.875
7.75 4.875
7.875 4.875
8 4.875
8.125 4.875
8.25 4.875
8.375 4.875
8.5 4.875
8.625 4.875
8.75 4.875
8.875 4.875
9 4.875
1 5
5.875 5
1 5.125
5.875 5.125
1 5.25
5.875 5.25
1 5.375
5.875 5.375
1 5.5
5.875 5.5
1 5.625
5.875 5.625
1 5.75
5.875 5.75
1 5.875
5.875 5.875
1 6
5.875 6
1 6.125
5.875 6.125
1 6.25
5.875 6.25
1 6.375
5.875 6.375
1 6.5
5.875 6.5
1 6.625
5.875 6.625
1 6.75
5.875 6.75
1 6.875
5.875 6.875
1 7
1.125 7
1.25 7
1.375 7
1.5 7
1.625 7
1.75 7
1.875 7
2 7
2.125 7
2.25 7
2.375 7
2.5 7
2.625 7
2.75 7
2.875 7
3 7
3.125 7
3.25 7
3.375 7
3.5 7
3.625 7
3.75 7
3.875 7
4 7
4.125 7
4.25 7
4.375 7
4.5 7
4.625 7
4.75 7
4.875 7
5 7
5.125 7
5.25 7
5.375 7
5.5 7
5.625 7
5.75 7
5.875 7
