1 1
1.01015 1
1.02167 1
1.03476 1
1.04962 1
1.0665 1
1.08566 1
1.10741 1
1.13212 1
1.16017 1
1.19203 1
1.2282 1
1.26927 1
1.31591 1
1.36887 1
1.429 1
1.49728 1
1.57482 1
1.66286 1
1.76283 1
1.87635 1
2.00526 1
2.15163 1
2.31783 1
2.50656 1
2.72086 1
2.9642 1
3.24051 1
3.55427 1
3.91054 1
4.3151 1
4.77447 1
5.29609 1
5.88839 1
6.56096 1
7.32466 1
8.19186 1
9.17656 1
10.2947 1
11.5644 1
13.0061 1
14.6431 1
16.502 1
18.6128 1
21.0097 1
23.7313 1
26.8217 1
30.3309 1
34.3157 1
38.8404 1
43.9782 1
49.8122 1
56.4368 1
63.9591 1
72.5007 1
82.1998 1
93.2132 1
105.719 1
119.919 1
136.044 1
154.354 1
175.145 1
198.753 1
225.56 1
256 1
1 1.01919
256 1.01919
1 1.04099
256 1.04099
1 1.06573
256 1.06573
1 1.09384
256 1.09384
1 1.12574
256 1.12574
1 1.16198
256 1.16198
1 1.20312
256 1.20312
1 1.24984
256 1.24984
1 1.30289
256 1.30289
1 1.36312
256 1.36312
1 1.43152
256 1.43152
1 1.50919
256 1.50919
1 1.59738
256 1.59738
1 1.69753
256 1.69753
1 1.81124
256 1.81124
1 1.94036
256 1.94036
1 2.08698
256 2.08698
1 2.25347
256 2.25347
1 2.44252
256 2.44252
1 2.65719
256 2.65719
1 2.90094
256 2.90094
1 3.17773
256 3.17773
1 3.49202
256 3.49202
1 3.8489
256 3.8489
1 4.25415
256 4.25415
1 4.7143
256 4.7143
1 5.23681
256 5.23681
1 5.83013
256 5.83013
1 6.50384
256 6.50384
1 7.26885
256 7.26885
1 8.13753
13.0061 8.13753
14.6431 8.13753
16.502 8.13753
18.6128 8.13753
21.0097 8.13753
23.7313 8.13753
26.8217 8.13753
30.3309 8.13753
34.3157 8.13753
38.8404 8.13753
43.9782 8.13753
49.8122 8.13753
56.4368 8.13753
63.9591 8.13753
72.5007 8.13753
82.1998 8.13753
93.2132 8.13753
105.719 8.13753
119.919 8.13753
136.044 8.13753
154.354 8.13753
175.145 8.13753
198.753 8.13753
225.56 8.13753
256 8.13753
1 9.12391
11.5644 9.12391
1 10.244
11.5644 10.244
1 11.5158
11.5644 11.5158
1 12.96
11.5644 12.96
1 14.5998
11.5644 14.5998
1 16.4619
11.5644 16.4619
1 18.5763
11.5644 18.5763
1 20.9772
11.5644 20.9772
1 23.7035
11.5644 23.7035
1 26.7992
11.5644 26.7992
1 30.3144
11.5644 30.3144
1 34.3059
11.5644 34.3059
1 38.8384
11.5644 38.8384
1 43.9849
11.5644 43.9849
1 49.829
11.5644 49.829
1 56.4649
11.5644 56.4649
1 64
1.01015 64
1.02167 64
1.03476 64
1.04962 64
1.0665 64
1.08566 64
1.10741 64
1.13212 64
1.16017 64
1.19203 64
1.2282 64
1.26927 64
1.31591 64
1.36887 64
1.429 64
1.49728 64
1.57482 64
1.66286 64
1.76283 64
1.87635 64
2.00526 64
2.15163 64
2.31783 64
2.50656 64
2.72086 64
2.9642 64
3.24051 64
3.55427 64
3.91054 64
4.3151 64
4.77447 64
5.29609 64
5.88839 64
6.56096 64
7.32466 64
8.19186 64
9.17656 64
10.2947 64
11.5644 64
