0 0
1.1092 0
2.30262 0
3.58666 0
4.9682 0
6.45463 0
8.05393 0
9.77467 0
11.6261 0
13.618 0
15.7612 0
18.0672 0
20.5482 0
23.2177 0
26.0898 0
29.18 0
32.5048 0
36.0821 0
39.931 0
44.0721 0
48.5277 0
53.3216 0
58.4795 0
64.0291 0
70 0
0 1.1092
70 1.1092
0 2.30262
70 2.30262
0 3.58666
70 3.58666
0 4.9682
70 4.9682
0 6.45463
70 6.45463
0 8.05393
70 8.05393
0 9.77467
70 9.77467
0 11.6261
70 11.6261
0 13.618
70 13.618
0 15.7612
70 15.7612
0 18.0672
70 18.0672
0 20.5482
70 20.5482
0 23.2177
70 23.2177
0 26.0898
70 26.0898
0 29.18
32.5048 29.18
36.0821 29.18
39.931 29.18
44.0721 29.18
48.5277 29.18
53.3216 29.18
58.4795 29.18
64.0291 29.18
70 29.18
0 32.5048
29.18 32.5048
0 36.0821
29.18 36.0821
0 39.931
29.18 39.931
0 44.0721
29.18 44.0721
0 48.5277
29.18 48.5277
0 53.3216
29.18 53.3216
0 58.4795
29.18 58.4795
0 64.0291
29.18 64.0291
0 70
1.1092 70
2.30262 70
3.58666 70
4.9682 70
6.45463 70
8.05393 70
9.77467 70
11.6261 70
13.618 70
15.7612 70
18.0672 70
20.5482 70
23.2177 70
26.0898 70
29.18 70
