0 0
2.91667 0
5.83333 0
8.75 0
11.6667 0
14.5833 0
17.5 0
20.4167 0
23.3333 0
26.25 0
29.1667 0
32.0833 0
35 0
37.9167 0
40.8333 0
43.75 0
46.6667 0
49.5833 0
52.5 0
55.4167 0
58.3333 0
61.25 0
64.1667 0
67.0833 0
70 0
0 2.91667
70 2.91667
0 5.83333
70 5.83333
0 8.75
70 8.75
0 11.6667
70 11.6667
0 14.5833
70 14.5833
0 17.5
70 17.5
0 20.4167
70 20.4167
0 23.3333
70 23.3333
0 26.25
70 26.25
0 29.1667
70 29.1667
0 32.0833
70 32.0833
0 35
70 35
0 37.9167
70 37.9167
0 40.8333
70 40.8333
0 43.75
46.6667 43.75
49.5833 43.75
52.5 43.75
55.4167 43.75
58.3333 43.75
61.25 43.75
64.1667 43.75
67.0833 43.75
70 43.75
0 46.6667
43.75 46.6667
0 49.5833
43.75 49.5833
0 52.5
43.75 52.5
0 55.4167
43.75 55.4167
0 58.3333
43.75 58.3333
0 61.25
43.75 61.25
0 64.1667
43.75 64.1667
0 67.0833
43.75 67.0833
0 70
2.91667 70
5.83333 70
8.75 70
11.6667 70
14.5833 70
17.5 70
20.4167 70
23.3333 70
26.25 70
29.1667 70
32.0833 70
35 70
37.9167 70
40.8333 70
43.75 70
