0 0
0.21678 0
0.448131 0
0.695032 0
0.958529 0
1.23974 0
1.53985 0
1.86013 0
2.20194 0
2.56673 0
2.95603 0
3.3715 0
3.8149 0
4.28811 0
4.79312 0
5.33207 0
5.90725 0
6.5211 0
7.1762 0
7.87533 0
8.62146 0
9.41775 0
10.2676 0
11.1745 0
12.1424 0
13.1753 0
14.2777 0
15.4541 0
16.7097 0
18.0496 0
19.4796 0
21.0058 0
22.6345 0
24.3727 0
26.2277 0
28.2074 0
30.3202 0
32.5749 0
34.9813 0
37.5494 0
40.2901 0
43.215 0
46.3365 0
49.6679 0
53.2231 0
57.0174 0
61.0666 0
65.3881 0
70 0
0 0.21678
70 0.21678
0 0.448131
70 0.448131
0 0.695032
70 0.695032
0 0.958529
70 0.958529
0 1.23974
70 1.23974
0 1.53985
70 1.53985
0 1.86013
70 1.86013
0 2.20194
70 2.20194
0 2.56673
70 2.56673
0 2.95603
70 2.95603
0 3.3715
70 3.3715
0 3.8149
70 3.8149
0 4.28811
70 4.28811
0 4.79312
70 4.79312
0 5.33207
70 5.33207
0 5.90725
70 5.90725
0 6.5211
70 6.5211
0 7.1762
70 7.1762
0 7.87533
70 7.87533
0 8.62146
70 8.62146
0 9.41775
70 9.41775
0 10.2676
70 10.2676
0 11.1745
70 11.1745
0 12.1424
70 12.1424
0 13.1753
70 13.1753
0 14.2777
70 14.2777
0 15.4541
70 15.4541
0 16.7097
70 16.7097
0 18.0496
70 18.0496
0 19.4796
70 19.4796
0 21.0058
22.6345 21.0058
24.3727 21.0058
26.2277 21.0058
28.2074 21.0058
30.3202 21.0058
32.5749 21.0058
34.9813 21.0058
37.5494 21.0058
40.2901 21.0058
43.215 21.0058
46.3365 21.0058
49.6679 21.0058
53.2231 21.0058
57.0174 21.0058
61.0666 21.0058
65.3881 21.0058
70 21.0058
0 22.6345
21.0058 22.6345
0 24.3727
21.0058 24.3727
0 26.2277
21.0058 26.2277
0 28.2074
21.0058 28.2074
0 30.3202
21.0058 30.3202
0 32.5749
21.0058 32.5749
0 34.9813
21.0058 34.9813
0 37.5494
21.0058 37.5494
0 40.2901
21.0058 40.2901
0 43.215
21.0058 43.215
0 46.3365
21.0058 46.3365
0 49.6679
21.0058 49.6679
0 53.2231
21.0058 53.2231
0 57.0174
21.0058 57.0174
0 61.0666
21.0058 61.0666
0 65.3881
21.0058 65.3881
0 70
0.21678 70
0.448131 70
0.695032 70
0.958529 70
1.23974 70
1.53985 70
1.86013 70
2.20194 70
2.56673 70
2.95603 70
3.3715 70
3.8149 70
4.28811 70
4.79312 70
5.33207 70
5.90725 70
6.5211 70
7.1762 70
7.87533 70
8.62146 70
9.41775 70
10.2676 70
11.1745 70
12.1424 70
13.1753 70
14.2777 70
15.4541 70
16.7097 70
18.0496 70
19.4796 70
21.0058 70
