0 0
1.45833 0
2.91667 0
4.375 0
5.83333 0
7.29167 0
8.75 0
10.2083 0
11.6667 0
13.125 0
14.5833 0
16.0417 0
17.5 0
18.9583 0
20.4167 0
21.875 0
23.3333 0
24.7917 0
26.25 0
27.7083 0
29.1667 0
30.625 0
32.0833 0
33.5417 0
35 0
36.4583 0
37.9167 0
39.375 0
40.8333 0
42.2917 0
43.75 0
45.2083 0
46.6667 0
48.125 0
49.5833 0
51.0417 0
52.5 0
53.9583 0
55.4167 0
56.875 0
58.3333 0
59.7917 0
61.25 0
62.7083 0
64.1667 0
65.625 0
67.0833 0
68.5417 0
70 0
0 1.45833
70 1.45833
0 2.91667
70 2.91667
0 4.375
70 4.375
0 5.83333
70 5.83333
0 7.29167
70 7.29167
0 8.75
70 8.75
0 10.2083
70 10.2083
0 11.6667
70 11.6667
0 13.125
70 13.125
0 14.5833
70 14.5833
0 16.0417
70 16.0417
0 17.5
70 17.5
0 18.9583
70 18.9583
0 20.4167
70 20.4167
0 21.875
70 21.875
0 23.3333
70 23.3333
0 24.7917
70 24.7917
0 26.25
70 26.25
0 27.7083
70 27.7083
0 29.1667
70 29.1667
0 30.625
70 30.625
0 32.0833
70 32.0833
0 33.5417
70 33.5417
0 35
70 35
0 36.4583
70 36.4583
0 37.9167
70 37.9167
0 39.375
70 39.375
0 40.8333
70 40.8333
0 42.2917
70 42.2917
0 43.75
70 43.75
0 45.2083
46.6667 45.2083
48.125 45.2083
49.5833 45.2083
51.0417 45.2083
52.5 45.2083
53.9583 45.2083
55.4167 45.2083
56.875 45.2083
58.3333 45.2083
59.7917 45.2083
61.25 45.2083
62.7083 45.2083
64.1667 45.2083
65.625 45.2083
67.0833 45.2083
68.5417 45.2083
70 45.2083
0 46.6667
45.2083 46.6667
0 48.125
45.2083 48.125
0 49.5833
45.2083 49.5833
0 51.0417
45.2083 51.0417
0 52.5
45.2083 52.5
0 53.9583
45.2083 53.9583
0 55.4167
45.2083 55.4167
0 56.875
45.2083 56.875
0 58.3333
45.2083 58.3333
0 59.7917
45.2083 59.7917
0 61.25
45.2083 61.25
0 62.7083
45.2083 62.7083
0 64.1667
45.2083 64.1667
0 65.625
45.2083 65.625
0 67.0833
45.2083 67.0833
0 68.5417
45.2083 68.5417
0 70
1.45833 70
2.91667 70
4.375 70
5.83333 70
7.29167 70
8.75 70
10.2083 70
11.6667 70
13.125 70
14.5833 70
16.0417 70
17.5 70
18.9583 70
20.4167 70
21.875 70
23.3333 70
24.7917 70
26.25 70
27.7083 70
29.1667 70
30.625 70
32.0833 70
33.5417 70
35 70
36.4583 70
37.9167 70
39.375 70
40.8333 70
42.2917 70
43.75 70
45.2083 70
