1.01015 1.01919
1.02167 1.01919
1.03476 1.01919
1.04962 1.01919
1.0665 1.01919
1.08566 1.01919
1.10741 1.01919
1.13212 1.01919
1.16017 1.01919
1.19203 1.01919
1.2282 1.01919
1.26927 1.01919
1.31591 1.01919
1.36887 1.01919
1.429 1.01919
1.49728 1.01919
1.57482 1.01919
1.66286 1.01919
1.76283 1.01919
1.87635 1.01919
2.00526 1.01919
2.15163 1.01919
2.31783 1.01919
2.50656 1.01919
2.72086 1.01919
2.9642 1.01919
3.24051 1.01919
3.55427 1.01919
3.91054 1.01919
4.3151 1.01919
4.77447 1.01919
5.29609 1.01919
5.88839 1.01919
6.56096 1.01919
7.32466 1.01919
8.19186 1.01919
9.17656 1.01919
10.2947 1.01919
11.5644 1.01919
13.0061 1.01919
14.6431 1.01919
16.502 1.01919
18.6128 1.01919
21.0097 1.01919
23.7313 1.01919
26.8217 1.01919
30.3309 1.01919
34.3157 1.01919
38.8404 1.01919
43.9782 1.01919
49.8122 1.01919
56.4368 1.01919
63.9591 1.01919
72.5007 1.01919
82.1998 1.01919
93.2132 1.01919
105.719 1.01919
119.919 1.01919
136.044 1.01919
154.354 1.01919
175.145 1.01919
198.753 1.01919
225.56 1.01919
1.01015 1.04099
1.02167 1.04099
1.03476 1.04099
1.04962 1.04099
1.0665 1.04099
1.08566 1.04099
1.10741 1.04099
1.13212 1.04099
1.16017 1.04099
1.19203 1.04099
1.2282 1.04099
1.26927 1.04099
1.31591 1.04099
1.36887 1.04099
1.429 1.04099
1.49728 1.04099
1.57482 1.04099
1.66286 1.04099
1.76283 1.04099
1.87635 1.04099
2.00526 1.04099
2.15163 1.04099
2.31783 1.04099
2.50656 1.04099
2.72086 1.04099
2.9642 1.04099
3.24051 1.04099
3.55427 1.04099
3.91054 1.04099
4.3151 1.04099
4.77447 1.04099
5.29609 1.04099
5.88839 1.04099
6.56096 1.04099
7.32466 1.04099
8.19186 1.04099
9.17656 1.04099
10.2947 1.04099
11.5644 1.04099
13.0061 1.04099
14.6431 1.04099
16.502 1.04099
18.6128 1.04099
21.0097 1.04099
23.7313 1.04099
26.8217 1.04099
30.3309 1.04099
34.3157 1.04099
38.8404 1.04099
43.9782 1.04099
49.8122 1.04099
56.4368 1.04099
63.9591 1.04099
72.5007 1.04099
82.1998 1.04099
93.2132 1.04099
105.719 1.04099
119.919 1.04099
136.044 1.04099
154.354 1.04099
175.145 1.04099
198.753 1.04099
225.56 1.04099
1.01015 1.06573
1.02167 1.06573
1.03476 1.06573
1.04962 1.06573
1.0665 1.06573
1.08566 1.06573
1.10741 1.06573
1.13212 1.06573
1.16017 1.06573
1.19203 1.06573
1.2282 1.06573
1.26927 1.06573
1.31591 1.06573
1.36887 1.06573
1.429 1.06573
1.49728 1.06573
1.57482 1.06573
1.66286 1.06573
1.76283 1.06573
1.87635 1.06573
2.00526 1.06573
2.15163 1.06573
2.31783 1.06573
2.50656 1.06573
2.72086 1.06573
2.9642 1.06573
3.24051 1.06573
3.55427 1.06573
3.91054 1.06573
4.3151 1.06573
4.77447 1.06573
5.29609 1.06573
5.88839 1.06573
6.56096 1.06573
7.32466 1.06573
8.19186 1.06573
9.17656 1.06573
10.2947 1.06573
11.5644 1.06573
13.0061 1.06573
14.6431 1.06573
16.502 1.06573
18.6128 1.06573
21.0097 1.06573
23.7313 1.06573
26.8217 1.06573
30.3309 1.06573
34.3157 1.06573
38.8404 1.06573
43.9782 1.06573
49.8122 1.06573
56.4368 1.06573
63.9591 1.06573
72.5007 1.06573
82.1998 1.06573
93.2132 1.06573
105.719 1.06573
119.919 1.06573
136.044 1.06573
154.354 1.06573
175.145 1.06573
198.753 1.06573
225.56 1.06573
1.01015 1.09384
1.02167 1.09384
1.03476 1.09384
1.04962 1.09384
1.0665 1.09384
1.08566 1.09384
1.10741 1.09384
1.13212 1.09384
1.16017 1.09384
1.19203 1.09384
1.2282 1.09384
1.26927 1.09384
1.31591 1.09384
1.36887 1.09384
1.429 1.09384
1.49728 1.09384
1.57482 1.09384
1.66286 1.09384
1.76283 1.09384
1.87635 1.09384
2.00526 1.09384
2.15163 1.09384
2.31783 1.09384
2.50656 1.09384
2.72086 1.09384
2.9642 1.09384
3.24051 1.09384
3.55427 1.09384
3.91054 1.09384
4.3151 1.09384
4.77447 1.09384
5.29609 1.09384
5.88839 1.09384
6.56096 1.09384
7.32466 1.09384
8.19186 1.09384
9.17656 1.09384
10.2947 1.09384
11.5644 1.09384
13.0061 1.09384
14.6431 1.09384
16.502 1.09384
18.6128 1.09384
21.0097 1.09384
23.7313 1.09384
26.8217 1.09384
30.3309 1.09384
34.3157 1.09384
38.8404 1.09384
43.9782 1.09384
49.8122 1.09384
56.4368 1.09384
63.9591 1.09384
72.5007 1.09384
82.1998 1.09384
93.2132 1.09384
105.719 1.09384
119.919 1.09384
136.044 1.09384
154.354 1.09384
175.145 1.09384
198.753 1.09384
225.56 1.09384
1.01015 1.12574
1.02167 1.12574
1.03476 1.12574
1.04962 1.12574
1.0665 1.12574
1.08566 1.12574
1.10741 1.12574
1.13212 1.12574
1.16017 1.12574
1.19203 1.12574
1.2282 1.12574
1.26927 1.12574
1.31591 1.12574
1.36887 1.12574
1.429 1.12574
1.49728 1.12574
1.57482 1.12574
1.66286 1.12574
1.76283 1.12574
1.87635 1.12574
2.00526 1.12574
2.15163 1.12574
2.31783 1.12574
2.50656 1.12574
2.72086 1.12574
2.9642 1.12574
3.24051 1.12574
3.55427 1.12574
3.91054 1.12574
4.3151 1.12574
4.77447 1.12574
5.29609 1.12574
5.88839 1.12574
6.56096 1.12574
7.32466 1.12574
8.19186 1.12574
9.17656 1.12574
10.2947 1.12574
11.5644 1.12574
13.0061 1.12574
14.6431 1.12574
16.502 1.12574
18.6128 1.12574
21.0097 1.12574
23.7313 1.12574
26.8217 1.12574
30.3309 1.12574
34.3157 1.12574
38.8404 1.12574
43.9782 1.12574
49.8122 1.12574
56.4368 1.12574
63.9591 1.12574
72.5007 1.12574
82.1998 1.12574
93.2132 1.12574
105.719 1.12574
119.919 1.12574
136.044 1.12574
154.354 1.12574
175.145 1.12574
198.753 1.12574
225.56 1.12574
1.01015 1.16198
1.02167 1.16198
1.03476 1.16198
1.04962 1.16198
1.0665 1.16198
1.08566 1.16198
1.10741 1.16198
1.13212 1.16198
1.16017 1.16198
1.19203 1.16198
1.2282 1.16198
1.26927 1.16198
1.31591 1.16198
1.36887 1.16198
1.429 1.16198
1.49728 1.16198
1.57482 1.16198
1.66286 1.16198
1.76283 1.16198
1.87635 1.16198
2.00526 1.16198
2.15163 1.16198
2.31783 1.16198
2.50656 1.16198
2.72086 1.16198
2.9642 1.16198
3.24051 1.16198
3.55427 1.16198
3.91054 1.16198
4.3151 1.16198
4.77447 1.16198
5.29609 1.16198
5.88839 1.16198
6.56096 1.16198
7.32466 1.16198
8.19186 1.16198
9.17656 1.16198
10.2947 1.16198
11.5644 1.16198
13.0061 1.16198
14.6431 1.16198
16.502 1.16198
18.6128 1.16198
21.0097 1.16198
23.7313 1.16198
26.8217 1.16198
30.3309 1.16198
34.3157 1.16198
38.8404 1.16198
43.9782 1.16198
49.8122 1.16198
56.4368 1.16198
63.9591 1.16198
72.5007 1.16198
82.1998 1.16198
93.2132 1.16198
105.719 1.16198
119.919 1.16198
136.044 1.16198
154.354 1.16198
175.145 1.16198
198.753 1.16198
225.56 1.16198
1.01015 1.20312
1.02167 1.20312
1.03476 1.20312
1.04962 1.20312
1.0665 1.20312
1.08566 1.20312
1.10741 1.20312
1.13212 1.20312
1.16017 1.20312
1.19203 1.20312
1.2282 1.20312
1.26927 1.20312
1.31591 1.20312
1.36887 1.20312
1.429 1.20312
1.49728 1.20312
1.57482 1.20312
1.66286 1.20312
1.76283 1.20312
1.87635 1.20312
2.00526 1.20312
2.15163 1.20312
2.31783 1.20312
2.50656 1.20312
2.72086 1.20312
2.9642 1.20312
3.24051 1.20312
3.55427 1.20312
3.91054 1.20312
4.3151 1.20312
4.77447 1.20312
5.29609 1.20312
5.88839 1.20312
6.56096 1.20312
7.32466 1.20312
8.19186 1.20312
9.17656 1.20312
10.2947 1.20312
11.5644 1.20312
13.0061 1.20312
14.6431 1.20312
16.502 1.20312
18.6128 1.20312
21.0097 1.20312
23.7313 1.20312
26.8217 1.20312
30.3309 1.20312
34.3157 1.20312
38.8404 1.20312
43.9782 1.20312
49.8122 1.20312
56.4368 1.20312
63.9591 1.20312
72.5007 1.20312
82.1998 1.20312
93.2132 1.20312
105.719 1.20312
119.919 1.20312
136.044 1.20312
154.354 1.20312
175.145 1.20312
198.753 1.20312
225.56 1.20312
1.01015 1.24984
1.02167 1.24984
1.03476 1.24984
1.04962 1.24984
1.0665 1.24984
1.08566 1.24984
1.10741 1.24984
1.13212 1.24984
1.16017 1.24984
1.19203 1.24984
1.2282 1.24984
1.26927 1.24984
1.31591 1.24984
1.36887 1.24984
1.429 1.24984
1.49728 1.24984
1.57482 1.24984
1.66286 1.24984
1.76283 1.24984
1.87635 1.24984
2.00526 1.24984
2.15163 1.24984
2.31783 1.24984
2.50656 1.24984
2.72086 1.24984
2.9642 1.24984
3.24051 1.24984
3.55427 1.24984
3.91054 1.24984
4.3151 1.24984
4.77447 1.24984
5.29609 1.24984
5.88839 1.24984
6.56096 1.24984
7.32466 1.24984
8.19186 1.24984
9.17656 1.24984
10.2947 1.24984
11.5644 1.24984
13.0061 1.24984
14.6431 1.24984
16.502 1.24984
18.6128 1.24984
21.0097 1.24984
23.7313 1.24984
26.8217 1.24984
30.3309 1.24984
34.3157 1.24984
38.8404 1.24984
43.9782 1.24984
49.8122 1.24984
56.4368 1.24984
63.9591 1.24984
72.5007 1.24984
82.1998 1.24984
93.2132 1.24984
105.719 1.24984
119.919 1.24984
136.044 1.24984
154.354 1.24984
175.145 1.24984
198.753 1.24984
225.56 1.24984
1.01015 1.30289
1.02167 1.30289
1.03476 1.30289
1.04962 1.30289
1.0665 1.30289
1.08566 1.30289
1.10741 1.30289
1.13212 1.30289
1.16017 1.30289
1.19203 1.30289
1.2282 1.30289
1.26927 1.30289
1.31591 1.30289
1.36887 1.30289
1.429 1.30289
1.49728 1.30289
1.57482 1.30289
1.66286 1.30289
1.76283 1.30289
1.87635 1.30289
2.00526 1.30289
2.15163 1.30289
2.31783 1.30289
2.50656 1.30289
2.72086 1.30289
2.9642 1.30289
3.24051 1.30289
3.55427 1.30289
3.91054 1.30289
4.3151 1.30289
4.77447 1.30289
5.29609 1.30289
5.88839 1.30289
6.56096 1.30289
7.32466 1.30289
8.19186 1.30289
9.17656 1.30289
10.2947 1.30289
11.5644 1.30289
13.0061 1.30289
14.6431 1.30289
16.502 1.30289
18.6128 1.30289
21.0097 1.30289
23.7313 1.30289
26.8217 1.30289
30.3309 1.30289
34.3157 1.30289
38.8404 1.30289
43.9782 1.30289
49.8122 1.30289
56.4368 1.30289
63.9591 1.30289
72.5007 1.30289
82.1998 1.30289
93.2132 1.30289
105.719 1.30289
119.919 1.30289
136.044 1.30289
154.354 1.30289
175.145 1.30289
198.753 1.30289
225.56 1.30289
1.01015 1.36312
1.02167 1.36312
1.03476 1.36312
1.04962 1.36312
1.0665 1.36312
1.08566 1.36312
1.10741 1.36312
1.13212 1.36312
1.16017 1.36312
1.19203 1.36312
1.2282 1.36312
1.26927 1.36312
1.31591 1.36312
1.36887 1.36312
1.429 1.36312
1.49728 1.36312
1.57482 1.36312
1.66286 1.36312
1.76283 1.36312
1.87635 1.36312
2.00526 1.36312
2.15163 1.36312
2.31783 1.36312
2.50656 1.36312
2.72086 1.36312
2.9642 1.36312
3.24051 1.36312
3.55427 1.36312
3.91054 1.36312
4.3151 1.36312
4.77447 1.36312
5.29609 1.36312
5.88839 1.36312
6.56096 1.36312
7.32466 1.36312
8.19186 1.36312
9.17656 1.36312
10.2947 1.36312
11.5644 1.36312
13.0061 1.36312
14.6431 1.36312
16.502 1.36312
18.6128 1.36312
21.0097 1.36312
23.7313 1.36312
26.8217 1.36312
30.3309 1.36312
34.3157 1.36312
38.8404 1.36312
43.9782 1.36312
49.8122 1.36312
56.4368 1.36312
63.9591 1.36312
72.5007 1.36312
82.1998 1.36312
93.2132 1.36312
105.719 1.36312
119.919 1.36312
136.044 1.36312
154.354 1.36312
175.145 1.36312
198.753 1.36312
225.56 1.36312
1.01015 1.43152
1.02167 1.43152
1.03476 1.43152
1.04962 1.43152
1.0665 1.43152
1.08566 1.43152
1.10741 1.43152
1.13212 1.43152
1.16017 1.43152
1.19203 1.43152
1.2282 1.43152
1.26927 1.43152
1.31591 1.43152
1.36887 1.43152
1.429 1.43152
1.49728 1.43152
1.57482 1.43152
1.66286 1.43152
1.76283 1.43152
1.87635 1.43152
2.00526 1.43152
2.15163 1.43152
2.31783 1.43152
2.50656 1.43152
2.72086 1.43152
2.9642 1.43152
3.24051 1.43152
3.55427 1.43152
3.91054 1.43152
4.3151 1.43152
4.77447 1.43152
5.29609 1.43152
5.88839 1.43152
6.56096 1.43152
7.32466 1.43152
8.19186 1.43152
9.17656 1.43152
10.2947 1.43152
11.5644 1.43152
13.0061 1.43152
14.6431 1.43152
16.502 1.43152
18.6128 1.43152
21.0097 1.43152
23.7313 1.43152
26.8217 1.43152
30.3309 1.43152
34.3157 1.43152
38.8404 1.43152
43.9782 1.43152
49.8122 1.43152
56.4368 1.43152
63.9591 1.43152
72.5007 1.43152
82.1998 1.43152
93.2132 1.43152
105.719 1.43152
119.919 1.43152
136.044 1.43152
154.354 1.43152
175.145 1.43152
198.753 1.43152
225.56 1.43152
1.01015 1.50919
1.02167 1.50919
1.03476 1.50919
1.04962 1.50919
1.0665 1.50919
1.08566 1.50919
1.10741 1.50919
1.13212 1.50919
1.16017 1.50919
1.19203 1.50919
1.2282 1.50919
1.26927 1.50919
1.31591 1.50919
1.36887 1.50919
1.429 1.50919
1.49728 1.50919
1.57482 1.50919
1.66286 1.50919
1.76283 1.50919
1.87635 1.50919
2.00526 1.50919
2.15163 1.50919
2.31783 1.50919
2.50656 1.50919
2.72086 1.50919
2.9642 1.50919
3.24051 1.50919
3.55427 1.50919
3.91054 1.50919
4.3151 1.50919
4.77447 1.50919
5.29609 1.50919
5.88839 1.50919
6.56096 1.50919
7.32466 1.50919
8.19186 1.50919
9.17656 1.50919
10.2947 1.50919
11.5644 1.50919
13.0061 1.50919
14.6431 1.50919
16.502 1.50919
18.6128 1.50919
21.0097 1.50919
23.7313 1.50919
26.8217 1.50919
30.3309 1.50919
34.3157 1.50919
38.8404 1.50919
43.9782 1.50919
49.8122 1.50919
56.4368 1.50919
63.9591 1.50919
72.5007 1.50919
82.1998 1.50919
93.2132 1.50919
105.719 1.50919
119.919 1.50919
136.044 1.50919
154.354 1.50919
175.145 1.50919
198.753 1.50919
225.56 1.50919
1.01015 1.59738
1.02167 1.59738
1.03476 1.59738
1.04962 1.59738
1.0665 1.59738
1.08566 1.59738
1.10741 1.59738
1.13212 1.59738
1.16017 1.59738
1.19203 1.59738
1.2282 1.59738
1.26927 1.59738
1.31591 1.59738
1.36887 1.59738
1.429 1.59738
1.49728 1.59738
1.57482 1.59738
1.66286 1.59738
1.76283 1.59738
1.87635 1.59738
2.00526 1.59738
2.15163 1.59738
2.31783 1.59738
2.50656 1.59738
2.72086 1.59738
2.9642 1.59738
3.24051 1.59738
3.55427 1.59738
3.91054 1.59738
4.3151 1.59738
4.77447 1.59738
5.29609 1.59738
5.88839 1.59738
6.56096 1.59738
7.32466 1.59738
8.19186 1.59738
9.17656 1.59738
10.2947 1.59738
11.5644 1.59738
13.0061 1.59738
14.6431 1.59738
16.502 1.59738
18.6128 1.59738
21.0097 1.59738
23.7313 1.59738
26.8217 1.59738
30.3309 1.59738
34.3157 1.59738
38.8404 1.59738
43.9782 1.59738
49.8122 1.59738
56.4368 1.59738
63.9591 1.59738
72.5007 1.59738
82.1998 1.59738
93.2132 1.59738
105.719 1.59738
119.919 1.59738
136.044 1.59738
154.354 1.59738
175.145 1.59738
198.753 1.59738
225.56 1.59738
1.01015 1.69753
1.02167 1.69753
1.03476 1.69753
1.04962 1.69753
1.0665 1.69753
1.08566 1.69753
1.10741 1.69753
1.13212 1.69753
1.16017 1.69753
1.19203 1.69753
1.2282 1.69753
1.26927 1.69753
1.31591 1.69753
1.36887 1.69753
1.429 1.69753
1.49728 1.69753
1.57482 1.69753
1.66286 1.69753
1.76283 1.69753
1.87635 1.69753
2.00526 1.69753
2.15163 1.69753
2.31783 1.69753
2.50656 1.69753
2.72086 1.69753
2.9642 1.69753
3.24051 1.69753
3.55427 1.69753
3.91054 1.69753
4.3151 1.69753
4.77447 1.69753
5.29609 1.69753
5.88839 1.69753
6.56096 1.69753
7.32466 1.69753
8.19186 1.69753
9.17656 1.69753
10.2947 1.69753
11.5644 1.69753
13.0061 1.69753
14.6431 1.69753
16.502 1.69753
18.6128 1.69753
21.0097 1.69753
23.7313 1.69753
26.8217 1.69753
30.3309 1.69753
34.3157 1.69753
38.8404 1.69753
43.9782 1.69753
49.8122 1.69753
56.4368 1.69753
63.9591 1.69753
72.5007 1.69753
82.1998 1.69753
93.2132 1.69753
105.719 1.69753
119.919 1.69753
136.044 1.69753
154.354 1.69753
175.145 1.69753
198.753 1.69753
225.56 1.69753
1.01015 1.81124
1.02167 1.81124
1.03476 1.81124
1.04962 1.81124
1.0665 1.81124
1.08566 1.81124
1.10741 1.81124
1.13212 1.81124
1.16017 1.81124
1.19203 1.81124
1.2282 1.81124
1.26927 1.81124
1.31591 1.81124
1.36887 1.81124
1.429 1.81124
1.49728 1.81124
1.57482 1.81124
1.66286 1.81124
1.76283 1.81124
1.87635 1.81124
2.00526 1.81124
2.15163 1.81124
2.31783 1.81124
2.50656 1.81124
2.72086 1.81124
2.9642 1.81124
3.24051 1.81124
3.55427 1.81124
3.91054 1.81124
4.3151 1.81124
4.77447 1.81124
5.29609 1.81124
5.88839 1.81124
6.56096 1.81124
7.32466 1.81124
8.19186 1.81124
9.17656 1.81124
10.2947 1.81124
11.5644 1.81124
13.0061 1.81124
14.6431 1.81124
16.502 1.81124
18.6128 1.81124
21.0097 1.81124
23.7313 1.81124
26.8217 1.81124
30.3309 1.81124
34.3157 1.81124
38.8404 1.81124
43.9782 1.81124
49.8122 1.81124
56.4368 1.81124
63.9591 1.81124
72.5007 1.81124
82.1998 1.81124
93.2132 1.81124
105.719 1.81124
119.919 1.81124
136.044 1.81124
154.354 1.81124
175.145 1.81124
198.753 1.81124
225.56 1.81124
1.01015 1.94036
1.02167 1.94036
1.03476 1.94036
1.04962 1.94036
1.0665 1.94036
1.08566 1.94036
1.10741 1.94036
1.13212 1.94036
1.16017 1.94036
1.19203 1.94036
1.2282 1.94036
1.26927 1.94036
1.31591 1.94036
1.36887 1.94036
1.429 1.94036
1.49728 1.94036
1.57482 1.94036
1.66286 1.94036
1.76283 1.94036
1.87635 1.94036
2.00526 1.94036
2.15163 1.94036
2.31783 1.94036
2.50656 1.94036
2.72086 1.94036
2.9642 1.94036
3.24051 1.94036
3.55427 1.94036
3.91054 1.94036
4.3151 1.94036
4.77447 1.94036
5.29609 1.94036
5.88839 1.94036
6.56096 1.94036
7.32466 1.94036
8.19186 1.94036
9.17656 1.94036
10.2947 1.94036
11.5644 1.94036
13.0061 1.94036
14.6431 1.94036
16.502 1.94036
18.6128 1.94036
21.0097 1.94036
23.7313 1.94036
26.8217 1.94036
30.3309 1.94036
34.3157 1.94036
38.8404 1.94036
43.9782 1.94036
49.8122 1.94036
56.4368 1.94036
63.9591 1.94036
72.5007 1.94036
82.1998 1.94036
93.2132 1.94036
105.719 1.94036
119.919 1.94036
136.044 1.94036
154.354 1.94036
175.145 1.94036
198.753 1.94036
225.56 1.94036
1.01015 2.08698
1.02167 2.08698
1.03476 2.08698
1.04962 2.08698
1.0665 2.08698
1.08566 2.08698
1.10741 2.08698
1.13212 2.08698
1.16017 2.08698
1.19203 2.08698
1.2282 2.08698
1.26927 2.08698
1.31591 2.08698
1.36887 2.08698
1.429 2.08698
1.49728 2.08698
1.57482 2.08698
1.66286 2.08698
1.76283 2.08698
1.87635 2.08698
2.00526 2.08698
2.15163 2.08698
2.31783 2.08698
2.50656 2.08698
2.72086 2.08698
2.9642 2.08698
3.24051 2.08698
3.55427 2.08698
3.91054 2.08698
4.3151 2.08698
4.77447 2.08698
5.29609 2.08698
5.88839 2.08698
6.56096 2.08698
7.32466 2.08698
8.19186 2.08698
9.17656 2.08698
10.2947 2.08698
11.5644 2.08698
13.0061 2.08698
14.6431 2.08698
16.502 2.08698
18.6128 2.08698
21.0097 2.08698
23.7313 2.08698
26.8217 2.08698
30.3309 2.08698
34.3157 2.08698
38.8404 2.08698
43.9782 2.08698
49.8122 2.08698
56.4368 2.08698
63.9591 2.08698
72.5007 2.08698
82.1998 2.08698
93.2132 2.08698
105.719 2.08698
119.919 2.08698
136.044 2.08698
154.354 2.08698
175.145 2.08698
198.753 2.08698
225.56 2.08698
1.01015 2.25347
1.02167 2.25347
1.03476 2.25347
1.04962 2.25347
1.0665 2.25347
1.08566 2.25347
1.10741 2.25347
1.13212 2.25347
1.16017 2.25347
1.19203 2.25347
1.2282 2.25347
1.26927 2.25347
1.31591 2.25347
1.36887 2.25347
1.429 2.25347
1.49728 2.25347
1.57482 2.25347
1.66286 2.25347
1.76283 2.25347
1.87635 2.25347
2.00526 2.25347
2.15163 2.25347
2.31783 2.25347
2.50656 2.25347
2.72086 2.25347
2.9642 2.25347
3.24051 2.25347
3.55427 2.25347
3.91054 2.25347
4.3151 2.25347
4.77447 2.25347
5.29609 2.25347
5.88839 2.25347
6.56096 2.25347
7.32466 2.25347
8.19186 2.25347
9.17656 2.25347
10.2947 2.25347
11.5644 2.25347
13.0061 2.25347
14.6431 2.25347
16.502 2.25347
18.6128 2.25347
21.0097 2.25347
23.7313 2.25347
26.8217 2.25347
30.3309 2.25347
34.3157 2.25347
38.8404 2.25347
43.9782 2.25347
49.8122 2.25347
56.4368 2.25347
63.9591 2.25347
72.5007 2.25347
82.1998 2.25347
93.2132 2.25347
105.719 2.25347
119.919 2.25347
136.044 2.25347
154.354 2.25347
175.145 2.25347
198.753 2.25347
225.56 2.25347
1.01015 2.44252
1.02167 2.44252
1.03476 2.44252
1.04962 2.44252
1.0665 2.44252
1.08566 2.44252
1.10741 2.44252
1.13212 2.44252
1.16017 2.44252
1.19203 2.44252
1.2282 2.44252
1.26927 2.44252
1.31591 2.44252
1.36887 2.44252
1.429 2.44252
1.49728 2.44252
1.57482 2.44252
1.66286 2.44252
1.76283 2.44252
1.87635 2.44252
2.00526 2.44252
2.15163 2.44252
2.31783 2.44252
2.50656 2.44252
2.72086 2.44252
2.9642 2.44252
3.24051 2.44252
3.55427 2.44252
3.91054 2.44252
4.3151 2.44252
4.77447 2.44252
5.29609 2.44252
5.88839 2.44252
6.56096 2.44252
7.32466 2.44252
8.19186 2.44252
9.17656 2.44252
10.2947 2.44252
11.5644 2.44252
13.0061 2.44252
14.6431 2.44252
16.502 2.44252
18.6128 2.44252
21.0097 2.44252
23.7313 2.44252
26.8217 2.44252
30.3309 2.44252
34.3157 2.44252
38.8404 2.44252
43.9782 2.44252
49.8122 2.44252
56.4368 2.44252
63.9591 2.44252
72.5007 2.44252
82.1998 2.44252
93.2132 2.44252
105.719 2.44252
119.919 2.44252
136.044 2.44252
154.354 2.44252
175.145 2.44252
198.753 2.44252
225.56 2.44252
1.01015 2.65719
1.02167 2.65719
1.03476 2.65719
1.04962 2.65719
1.0665 2.65719
1.08566 2.65719
1.10741 2.65719
1.13212 2.65719
1.16017 2.65719
1.19203 2.65719
1.2282 2.65719
1.26927 2.65719
1.31591 2.65719
1.36887 2.65719
1.429 2.65719
1.49728 2.65719
1.57482 2.65719
1.66286 2.65719
1.76283 2.65719
1.87635 2.65719
2.00526 2.65719
2.15163 2.65719
2.31783 2.65719
2.50656 2.65719
2.72086 2.65719
2.9642 2.65719
3.24051 2.65719
3.55427 2.65719
3.91054 2.65719
4.3151 2.65719
4.77447 2.65719
5.29609 2.65719
5.88839 2.65719
6.56096 2.65719
7.32466 2.65719
8.19186 2.65719
9.17656 2.65719
10.2947 2.65719
11.5644 2.65719
13.0061 2.65719
14.6431 2.65719
16.502 2.65719
18.6128 2.65719
21.0097 2.65719
23.7313 2.65719
26.8217 2.65719
30.3309 2.65719
34.3157 2.65719
38.8404 2.65719
43.9782 2.65719
49.8122 2.65719
56.4368 2.65719
63.9591 2.65719
72.5007 2.65719
82.1998 2.65719
93.2132 2.65719
105.719 2.65719
119.919 2.65719
136.044 2.65719
154.354 2.65719
175.145 2.65719
198.753 2.65719
225.56 2.65719
1.01015 2.90094
1.02167 2.90094
1.03476 2.90094
1.04962 2.90094
1.0665 2.90094
1.08566 2.90094
1.10741 2.90094
1.13212 2.90094
1.16017 2.90094
1.19203 2.90094
1.2282 2.90094
1.26927 2.90094
1.31591 2.90094
1.36887 2.90094
1.429 2.90094
1.49728 2.90094
1.57482 2.90094
1.66286 2.90094
1.76283 2.90094
1.87635 2.90094
2.00526 2.90094
2.15163 2.90094
2.31783 2.90094
2.50656 2.90094
2.72086 2.90094
2.9642 2.90094
3.24051 2.90094
3.55427 2.90094
3.91054 2.90094
4.3151 2.90094
4.77447 2.90094
5.29609 2.90094
5.88839 2.90094
6.56096 2.90094
7.32466 2.90094
8.19186 2.90094
9.17656 2.90094
10.2947 2.90094
11.5644 2.90094
13.0061 2.90094
14.6431 2.90094
16.502 2.90094
18.6128 2.90094
21.0097 2.90094
23.7313 2.90094
26.8217 2.90094
30.3309 2.90094
34.3157 2.90094
38.8404 2.90094
43.9782 2.90094
49.8122 2.90094
56.4368 2.90094
63.9591 2.90094
72.5007 2.90094
82.1998 2.90094
93.2132 2.90094
105.719 2.90094
119.919 2.90094
136.044 2.90094
154.354 2.90094
175.145 2.90094
198.753 2.90094
225.56 2.90094
1.01015 3.17773
1.02167 3.17773
1.03476 3.17773
1.04962 3.17773
1.0665 3.17773
1.08566 3.17773
1.10741 3.17773
1.13212 3.17773
1.16017 3.17773
1.19203 3.17773
1.2282 3.17773
1.26927 3.17773
1.31591 3.17773
1.36887 3.17773
1.429 3.17773
1.49728 3.17773
1.57482 3.17773
1.66286 3.17773
1.76283 3.17773
1.87635 3.17773
2.00526 3.17773
2.15163 3.17773
2.31783 3.17773
2.50656 3.17773
2.72086 3.17773
2.9642 3.17773
3.24051 3.17773
3.55427 3.17773
3.91054 3.17773
4.3151 3.17773
4.77447 3.17773
5.29609 3.17773
5.88839 3.17773
6.56096 3.17773
7.32466 3.17773
8.19186 3.17773
9.17656 3.17773
10.2947 3.17773
11.5644 3.17773
13.0061 3.17773
14.6431 3.17773
16.502 3.17773
18.6128 3.17773
21.0097 3.17773
23.7313 3.17773
26.8217 3.17773
30.3309 3.17773
34.3157 3.17773
38.8404 3.17773
43.9782 3.17773
49.8122 3.17773
56.4368 3.17773
63.9591 3.17773
72.5007 3.17773
82.1998 3.17773
93.2132 3.17773
105.719 3.17773
119.919 3.17773
136.044 3.17773
154.354 3.17773
175.145 3.17773
198.753 3.17773
225.56 3.17773
1.01015 3.49202
1.02167 3.49202
1.03476 3.49202
1.04962 3.49202
1.0665 3.49202
1.08566 3.49202
1.10741 3.49202
1.13212 3.49202
1.16017 3.49202
1.19203 3.49202
1.2282 3.49202
1.26927 3.49202
1.31591 3.49202
1.36887 3.49202
1.429 3.49202
1.49728 3.49202
1.57482 3.49202
1.66286 3.49202
1.76283 3.49202
1.87635 3.49202
2.00526 3.49202
2.15163 3.49202
2.31783 3.49202
2.50656 3.49202
2.72086 3.49202
2.9642 3.49202
3.24051 3.49202
3.55427 3.49202
3.91054 3.49202
4.3151 3.49202
4.77447 3.49202
5.29609 3.49202
5.88839 3.49202
6.56096 3.49202
7.32466 3.49202
8.19186 3.49202
9.17656 3.49202
10.2947 3.49202
11.5644 3.49202
13.0061 3.49202
14.6431 3.49202
16.502 3.49202
18.6128 3.49202
21.0097 3.49202
23.7313 3.49202
26.8217 3.49202
30.3309 3.49202
34.3157 3.49202
38.8404 3.49202
43.9782 3.49202
49.8122 3.49202
56.4368 3.49202
63.9591 3.49202
72.5007 3.49202
82.1998 3.49202
93.2132 3.49202
105.719 3.49202
119.919 3.49202
136.044 3.49202
154.354 3.49202
175.145 3.49202
198.753 3.49202
225.56 3.49202
1.01015 3.8489
1.02167 3.8489
1.03476 3.8489
1.04962 3.8489
1.0665 3.8489
1.08566 3.8489
1.10741 3.8489
1.13212 3.8489
1.16017 3.8489
1.19203 3.8489
1.2282 3.8489
1.26927 3.8489
1.31591 3.8489
1.36887 3.8489
1.429 3.8489
1.49728 3.8489
1.57482 3.8489
1.66286 3.8489
1.76283 3.8489
1.87635 3.8489
2.00526 3.8489
2.15163 3.8489
2.31783 3.8489
2.50656 3.8489
2.72086 3.8489
2.9642 3.8489
3.24051 3.8489
3.55427 3.8489
3.91054 3.8489
4.3151 3.8489
4.77447 3.8489
5.29609 3.8489
5.88839 3.8489
6.56096 3.8489
7.32466 3.8489
8.19186 3.8489
9.17656 3.8489
10.2947 3.8489
11.5644 3.8489
13.0061 3.8489
14.6431 3.8489
16.502 3.8489
18.6128 3.8489
21.0097 3.8489
23.7313 3.8489
26.8217 3.8489
30.3309 3.8489
34.3157 3.8489
38.8404 3.8489
43.9782 3.8489
49.8122 3.8489
56.4368 3.8489
63.9591 3.8489
72.5007 3.8489
82.1998 3.8489
93.2132 3.8489
105.719 3.8489
119.919 3.8489
136.044 3.8489
154.354 3.8489
175.145 3.8489
198.753 3.8489
225.56 3.8489
1.01015 4.25415
1.02167 4.25415
1.03476 4.25415
1.04962 4.25415
1.0665 4.25415
1.08566 4.25415
1.10741 4.25415
1.13212 4.25415
1.16017 4.25415
1.19203 4.25415
1.2282 4.25415
1.26927 4.25415
1.31591 4.25415
1.36887 4.25415
1.429 4.25415
1.49728 4.25415
1.57482 4.25415
1.66286 4.25415
1.76283 4.25415
1.87635 4.25415
2.00526 4.25415
2.15163 4.25415
2.31783 4.25415
2.50656 4.25415
2.72086 4.25415
2.9642 4.25415
3.24051 4.25415
3.55427 4.25415
3.91054 4.25415
4.3151 4.25415
4.77447 4.25415
5.29609 4.25415
5.88839 4.25415
6.56096 4.25415
7.32466 4.25415
8.19186 4.25415
9.17656 4.25415
10.2947 4.25415
11.5644 4.25415
13.0061 4.25415
14.6431 4.25415
16.502 4.25415
18.6128 4.25415
21.0097 4.25415
23.7313 4.25415
26.8217 4.25415
30.3309 4.25415
34.3157 4.25415
38.8404 4.25415
43.9782 4.25415
49.8122 4.25415
56.4368 4.25415
63.9591 4.25415
72.5007 4.25415
82.1998 4.25415
93.2132 4.25415
105.719 4.25415
119.919 4.25415
136.044 4.25415
154.354 4.25415
175.145 4.25415
198.753 4.25415
225.56 4.25415
1.01015 4.7143
1.02167 4.7143
1.03476 4.7143
1.04962 4.7143
1.0665 4.7143
1.08566 4.7143
1.10741 4.7143
1.13212 4.7143
1.16017 4.7143
1.19203 4.7143
1.2282 4.7143
1.26927 4.7143
1.31591 4.7143
1.36887 4.7143
1.429 4.7143
1.49728 4.7143
1.57482 4.7143
1.66286 4.7143
1.76283 4.7143
1.87635 4.7143
2.00526 4.7143
2.15163 4.7143
2.31783 4.7143
2.50656 4.7143
2.72086 4.7143
2.9642 4.7143
3.24051 4.7143
3.55427 4.7143
3.91054 4.7143
4.3151 4.7143
4.77447 4.7143
5.29609 4.7143
5.88839 4.7143
6.56096 4.7143
7.32466 4.7143
8.19186 4.7143
9.17656 4.7143
10.2947 4.7143
11.5644 4.7143
13.0061 4.7143
14.6431 4.7143
16.502 4.7143
18.6128 4.7143
21.0097 4.7143
23.7313 4.7143
26.8217 4.7143
30.3309 4.7143
34.3157 4.7143
38.8404 4.7143
43.9782 4.7143
49.8122 4.7143
56.4368 4.7143
63.9591 4.7143
72.5007 4.7143
82.1998 4.7143
93.2132 4.7143
105.719 4.7143
119.919 4.7143
136.044 4.7143
154.354 4.7143
175.145 4.7143
198.753 4.7143
225.56 4.7143
1.01015 5.23681
1.02167 5.23681
1.03476 5.23681
1.04962 5.23681
1.0665 5.23681
1.08566 5.23681
1.10741 5.23681
1.13212 5.23681
1.16017 5.23681
1.19203 5.23681
1.2282 5.23681
1.26927 5.23681
1.31591 5.23681
1.36887 5.23681
1.429 5.23681
1.49728 5.23681
1.57482 5.23681
1.66286 5.23681
1.76283 5.23681
1.87635 5.23681
2.00526 5.23681
2.15163 5.23681
2.31783 5.23681
2.50656 5.23681
2.72086 5.23681
2.9642 5.23681
3.24051 5.23681
3.55427 5.23681
3.91054 5.23681
4.3151 5.23681
4.77447 5.23681
5.29609 5.23681
5.88839 5.23681
6.56096 5.23681
7.32466 5.23681
8.19186 5.23681
9.17656 5.23681
10.2947 5.23681
11.5644 5.23681
13.0061 5.23681
14.6431 5.23681
16.502 5.23681
18.6128 5.23681
21.0097 5.23681
23.7313 5.23681
26.8217 5.23681
30.3309 5.23681
34.3157 5.23681
38.8404 5.23681
43.9782 5.23681
49.8122 5.23681
56.4368 5.23681
63.9591 5.23681
72.5007 5.23681
82.1998 5.23681
93.2132 5.23681
105.719 5.23681
119.919 5.23681
136.044 5.23681
154.354 5.23681
175.145 5.23681
198.753 5.23681
225.56 5.23681
1.01015 5.83013
1.02167 5.83013
1.03476 5.83013
1.04962 5.83013
1.0665 5.83013
1.08566 5.83013
1.10741 5.83013
1.13212 5.83013
1.16017 5.83013
1.19203 5.83013
1.2282 5.83013
1.26927 5.83013
1.31591 5.83013
1.36887 5.83013
1.429 5.83013
1.49728 5.83013
1.57482 5.83013
1.66286 5.83013
1.76283 5.83013
1.87635 5.83013
2.00526 5.83013
2.15163 5.83013
2.31783 5.83013
2.50656 5.83013
2.72086 5.83013
2.9642 5.83013
3.24051 5.83013
3.55427 5.83013
3.91054 5.83013
4.3151 5.83013
4.77447 5.83013
5.29609 5.83013
5.88839 5.83013
6.56096 5.83013
7.32466 5.83013
8.19186 5.83013
9.17656 5.83013
10.2947 5.83013
11.5644 5.83013
13.0061 5.83013
14.6431 5.83013
16.502 5.83013
18.6128 5.83013
21.0097 5.83013
23.7313 5.83013
26.8217 5.83013
30.3309 5.83013
34.3157 5.83013
38.8404 5.83013
43.9782 5.83013
49.8122 5.83013
56.4368 5.83013
63.9591 5.83013
72.5007 5.83013
82.1998 5.83013
93.2132 5.83013
105.719 5.83013
119.919 5.83013
136.044 5.83013
154.354 5.83013
175.145 5.83013
198.753 5.83013
225.56 5.83013
1.01015 6.50384
1.02167 6.50384
1.03476 6.50384
1.04962 6.50384
1.0665 6.50384
1.08566 6.50384
1.10741 6.50384
1.13212 6.50384
1.16017 6.50384
1.19203 6.50384
1.2282 6.50384
1.26927 6.50384
1.31591 6.50384
1.36887 6.50384
1.429 6.50384
1.49728 6.50384
1.57482 6.50384
1.66286 6.50384
1.76283 6.50384
1.87635 6.50384
2.00526 6.50384
2.15163 6.50384
2.31783 6.50384
2.50656 6.50384
2.72086 6.50384
2.9642 6.50384
3.24051 6.50384
3.55427 6.50384
3.91054 6.50384
4.3151 6.50384
4.77447 6.50384
5.29609 6.50384
5.88839 6.50384
6.56096 6.50384
7.32466 6.50384
8.19186 6.50384
9.17656 6.50384
10.2947 6.50384
11.5644 6.50384
13.0061 6.50384
14.6431 6.50384
16.502 6.50384
18.6128 6.50384
21.0097 6.50384
23.7313 6.50384
26.8217 6.50384
30.3309 6.50384
34.3157 6.50384
38.8404 6.50384
43.9782 6.50384
49.8122 6.50384
56.4368 6.50384
63.9591 6.50384
72.5007 6.50384
82.1998 6.50384
93.2132 6.50384
105.719 6.50384
119.919 6.50384
136.044 6.50384
154.354 6.50384
175.145 6.50384
198.753 6.50384
225.56 6.50384
1.01015 7.26885
1.02167 7.26885
1.03476 7.26885
1.04962 7.26885
1.0665 7.26885
1.08566 7.26885
1.10741 7.26885
1.13212 7.26885
1.16017 7.26885
1.19203 7.26885
1.2282 7.26885
1.26927 7.26885
1.31591 7.26885
1.36887 7.26885
1.429 7.26885
1.49728 7.26885
1.57482 7.26885
1.66286 7.26885
1.76283 7.26885
1.87635 7.26885
2.00526 7.26885
2.15163 7.26885
2.31783 7.26885
2.50656 7.26885
2.72086 7.26885
2.9642 7.26885
3.24051 7.26885
3.55427 7.26885
3.91054 7.26885
4.3151 7.26885
4.77447 7.26885
5.29609 7.26885
5.88839 7.26885
6.56096 7.26885
7.32466 7.26885
8.19186 7.26885
9.17656 7.26885
10.2947 7.26885
11.5644 7.26885
13.0061 7.26885
14.6431 7.26885
16.502 7.26885
18.6128 7.26885
21.0097 7.26885
23.7313 7.26885
26.8217 7.26885
30.3309 7.26885
34.3157 7.26885
38.8404 7.26885
43.9782 7.26885
49.8122 7.26885
56.4368 7.26885
63.9591 7.26885
72.5007 7.26885
82.1998 7.26885
93.2132 7.26885
105.719 7.26885
119.919 7.26885
136.044 7.26885
154.354 7.26885
175.145 7.26885
198.753 7.26885
225.56 7.26885
1.01015 8.13753
1.02167 8.13753
1.03476 8.13753
1.04962 8.13753
1.0665 8.13753
1.08566 8.13753
1.10741 8.13753
1.13212 8.13753
1.16017 8.13753
1.19203 8.13753
1.2282 8.13753
1.26927 8.13753
1.31591 8.13753
1.36887 8.13753
1.429 8.13753
1.49728 8.13753
1.57482 8.13753
1.66286 8.13753
1.76283 8.13753
1.87635 8.13753
2.00526 8.13753
2.15163 8.13753
2.31783 8.13753
2.50656 8.13753
2.72086 8.13753
2.9642 8.13753
3.24051 8.13753
3.55427 8.13753
3.91054 8.13753
4.3151 8.13753
4.77447 8.13753
5.29609 8.13753
5.88839 8.13753
6.56096 8.13753
7.32466 8.13753
8.19186 8.13753
9.17656 8.13753
10.2947 8.13753
11.5644 8.13753
1.01015 9.12391
1.02167 9.12391
1.03476 9.12391
1.04962 9.12391
1.0665 9.12391
1.08566 9.12391
1.10741 9.12391
1.13212 9.12391
1.16017 9.12391
1.19203 9.12391
1.2282 9.12391
1.26927 9.12391
1.31591 9.12391
1.36887 9.12391
1.429 9.12391
1.49728 9.12391
1.57482 9.12391
1.66286 9.12391
1.76283 9.12391
1.87635 9.12391
2.00526 9.12391
2.15163 9.12391
2.31783 9.12391
2.50656 9.12391
2.72086 9.12391
2.9642 9.12391
3.24051 9.12391
3.55427 9.12391
3.91054 9.12391
4.3151 9.12391
4.77447 9.12391
5.29609 9.12391
5.88839 9.12391
6.56096 9.12391
7.32466 9.12391
8.19186 9.12391
9.17656 9.12391
10.2947 9.12391
13.0061 9.12391
14.6431 9.12391
16.502 9.12391
18.6128 9.12391
21.0097 9.12391
23.7313 9.12391
26.8217 9.12391
30.3309 9.12391
34.3157 9.12391
38.8404 9.12391
43.9782 9.12391
49.8122 9.12391
56.4368 9.12391
63.9591 9.12391
72.5007 9.12391
82.1998 9.12391
93.2132 9.12391
105.719 9.12391
119.919 9.12391
136.044 9.12391
154.354 9.12391
175.145 9.12391
198.753 9.12391
225.56 9.12391
256 9.12391
1.01015 10.244
1.02167 10.244
1.03476 10.244
1.04962 10.244
1.0665 10.244
1.08566 10.244
1.10741 10.244
1.13212 10.244
1.16017 10.244
1.19203 10.244
1.2282 10.244
1.26927 10.244
1.31591 10.244
1.36887 10.244
1.429 10.244
1.49728 10.244
1.57482 10.244
1.66286 10.244
1.76283 10.244
1.87635 10.244
2.00526 10.244
2.15163 10.244
2.31783 10.244
2.50656 10.244
2.72086 10.244
2.9642 10.244
3.24051 10.244
3.55427 10.244
3.91054 10.244
4.3151 10.244
4.77447 10.244
5.29609 10.244
5.88839 10.244
6.56096 10.244
7.32466 10.244
8.19186 10.244
9.17656 10.244
10.2947 10.244
13.0061 10.244
14.6431 10.244
16.502 10.244
18.6128 10.244
21.0097 10.244
23.7313 10.244
26.8217 10.244
30.3309 10.244
34.3157 10.244
38.8404 10.244
43.9782 10.244
49.8122 10.244
56.4368 10.244
63.9591 10.244
72.5007 10.244
82.1998 10.244
93.2132 10.244
105.719 10.244
119.919 10.244
136.044 10.244
154.354 10.244
175.145 10.244
198.753 10.244
225.56 10.244
256 10.244
1.01015 11.5158
1.02167 11.5158
1.03476 11.5158
1.04962 11.5158
1.0665 11.5158
1.08566 11.5158
1.10741 11.5158
1.13212 11.5158
1.16017 11.5158
1.19203 11.5158
1.2282 11.5158
1.26927 11.5158
1.31591 11.5158
1.36887 11.5158
1.429 11.5158
1.49728 11.5158
1.57482 11.5158
1.66286 11.5158
1.76283 11.5158
1.87635 11.5158
2.00526 11.5158
2.15163 11.5158
2.31783 11.5158
2.50656 11.5158
2.72086 11.5158
2.9642 11.5158
3.24051 11.5158
3.55427 11.5158
3.91054 11.5158
4.3151 11.5158
4.77447 11.5158
5.29609 11.5158
5.88839 11.5158
6.56096 11.5158
7.32466 11.5158
8.19186 11.5158
9.17656 11.5158
10.2947 11.5158
13.0061 11.5158
14.6431 11.5158
16.502 11.5158
18.6128 11.5158
21.0097 11.5158
23.7313 11.5158
26.8217 11.5158
30.3309 11.5158
34.3157 11.5158
38.8404 11.5158
43.9782 11.5158
49.8122 11.5158
56.4368 11.5158
63.9591 11.5158
72.5007 11.5158
82.1998 11.5158
93.2132 11.5158
105.719 11.5158
119.919 11.5158
136.044 11.5158
154.354 11.5158
175.145 11.5158
198.753 11.5158
225.56 11.5158
256 11.5158
1.01015 12.96
1.02167 12.96
1.03476 12.96
1.04962 12.96
1.0665 12.96
1.08566 12.96
1.10741 12.96
1.13212 12.96
1.16017 12.96
1.19203 12.96
1.2282 12.96
1.26927 12.96
1.31591 12.96
1.36887 12.96
1.429 12.96
1.49728 12.96
1.57482 12.96
1.66286 12.96
1.76283 12.96
1.87635 12.96
2.00526 12.96
2.15163 12.96
2.31783 12.96
2.50656 12.96
2.72086 12.96
2.9642 12.96
3.24051 12.96
3.55427 12.96
3.91054 12.96
4.3151 12.96
4.77447 12.96
5.29609 12.96
5.88839 12.96
6.56096 12.96
7.32466 12.96
8.19186 12.96
9.17656 12.96
10.2947 12.96
13.0061 12.96
14.6431 12.96
16.502 12.96
18.6128 12.96
21.0097 12.96
23.7313 12.96
26.8217 12.96
30.3309 12.96
34.3157 12.96
38.8404 12.96
43.9782 12.96
49.8122 12.96
56.4368 12.96
63.9591 12.96
72.5007 12.96
82.1998 12.96
93.2132 12.96
105.719 12.96
119.919 12.96
136.044 12.96
154.354 12.96
175.145 12.96
198.753 12.96
225.56 12.96
256 12.96
1.01015 14.5998
1.02167 14.5998
1.03476 14.5998
1.04962 14.5998
1.0665 14.5998
1.08566 14.5998
1.10741 14.5998
1.13212 14.5998
1.16017 14.5998
1.19203 14.5998
1.2282 14.5998
1.26927 14.5998
1.31591 14.5998
1.36887 14.5998
1.429 14.5998
1.49728 14.5998
1.57482 14.5998
1.66286 14.5998
1.76283 14.5998
1.87635 14.5998
2.00526 14.5998
2.15163 14.5998
2.31783 14.5998
2.50656 14.5998
2.72086 14.5998
2.9642 14.5998
3.24051 14.5998
3.55427 14.5998
3.91054 14.5998
4.3151 14.5998
4.77447 14.5998
5.29609 14.5998
5.88839 14.5998
6.56096 14.5998
7.32466 14.5998
8.19186 14.5998
9.17656 14.5998
10.2947 14.5998
13.0061 14.5998
14.6431 14.5998
16.502 14.5998
18.6128 14.5998
21.0097 14.5998
23.7313 14.5998
26.8217 14.5998
30.3309 14.5998
34.3157 14.5998
38.8404 14.5998
43.9782 14.5998
49.8122 14.5998
56.4368 14.5998
63.9591 14.5998
72.5007 14.5998
82.1998 14.5998
93.2132 14.5998
105.719 14.5998
119.919 14.5998
136.044 14.5998
154.354 14.5998
175.145 14.5998
198.753 14.5998
225.56 14.5998
256 14.5998
1.01015 16.4619
1.02167 16.4619
1.03476 16.4619
1.04962 16.4619
1.0665 16.4619
1.08566 16.4619
1.10741 16.4619
1.13212 16.4619
1.16017 16.4619
1.19203 16.4619
1.2282 16.4619
1.26927 16.4619
1.31591 16.4619
1.36887 16.4619
1.429 16.4619
1.49728 16.4619
1.57482 16.4619
1.66286 16.4619
1.76283 16.4619
1.87635 16.4619
2.00526 16.4619
2.15163 16.4619
2.31783 16.4619
2.50656 16.4619
2.72086 16.4619
2.9642 16.4619
3.24051 16.4619
3.55427 16.4619
3.91054 16.4619
4.3151 16.4619
4.77447 16.4619
5.29609 16.4619
5.88839 16.4619
6.56096 16.4619
7.32466 16.4619
8.19186 16.4619
9.17656 16.4619
10.2947 16.4619
13.0061 16.4619
14.6431 16.4619
16.502 16.4619
18.6128 16.4619
21.0097 16.4619
23.7313 16.4619
26.8217 16.4619
30.3309 16.4619
34.3157 16.4619
38.8404 16.4619
43.9782 16.4619
49.8122 16.4619
56.4368 16.4619
63.9591 16.4619
72.5007 16.4619
82.1998 16.4619
93.2132 16.4619
105.719 16.4619
119.919 16.4619
136.044 16.4619
154.354 16.4619
175.145 16.4619
198.753 16.4619
225.56 16.4619
256 16.4619
1.01015 18.5763
1.02167 18.5763
1.03476 18.5763
1.04962 18.5763
1.0665 18.5763
1.08566 18.5763
1.10741 18.5763
1.13212 18.5763
1.16017 18.5763
1.19203 18.5763
1.2282 18.5763
1.26927 18.5763
1.31591 18.5763
1.36887 18.5763
1.429 18.5763
1.49728 18.5763
1.57482 18.5763
1.66286 18.5763
1.76283 18.5763
1.87635 18.5763
2.00526 18.5763
2.15163 18.5763
2.31783 18.5763
2.50656 18.5763
2.72086 18.5763
2.9642 18.5763
3.24051 18.5763
3.55427 18.5763
3.91054 18.5763
4.3151 18.5763
4.77447 18.5763
5.29609 18.5763
5.88839 18.5763
6.56096 18.5763
7.32466 18.5763
8.19186 18.5763
9.17656 18.5763
10.2947 18.5763
13.0061 18.5763
14.6431 18.5763
16.502 18.5763
18.6128 18.5763
21.0097 18.5763
23.7313 18.5763
26.8217 18.5763
30.3309 18.5763
34.3157 18.5763
38.8404 18.5763
43.9782 18.5763
49.8122 18.5763
56.4368 18.5763
63.9591 18.5763
72.5007 18.5763
82.1998 18.5763
93.2132 18.5763
105.719 18.5763
119.919 18.5763
136.044 18.5763
154.354 18.5763
175.145 18.5763
198.753 18.5763
225.56 18.5763
256 18.5763
1.01015 20.9772
1.02167 20.9772
1.03476 20.9772
1.04962 20.9772
1.0665 20.9772
1.08566 20.9772
1.10741 20.9772
1.13212 20.9772
1.16017 20.9772
1.19203 20.9772
1.2282 20.9772
1.26927 20.9772
1.31591 20.9772
1.36887 20.9772
1.429 20.9772
1.49728 20.9772
1.57482 20.9772
1.66286 20.9772
1.76283 20.9772
1.87635 20.9772
2.00526 20.9772
2.15163 20.9772
2.31783 20.9772
2.50656 20.9772
2.72086 20.9772
2.9642 20.9772
3.24051 20.9772
3.55427 20.9772
3.91054 20.9772
4.3151 20.9772
4.77447 20.9772
5.29609 20.9772
5.88839 20.9772
6.56096 20.9772
7.32466 20.9772
8.19186 20.9772
9.17656 20.9772
10.2947 20.9772
13.0061 20.9772
14.6431 20.9772
16.502 20.9772
18.6128 20.9772
21.0097 20.9772
23.7313 20.9772
26.8217 20.9772
30.3309 20.9772
34.3157 20.9772
38.8404 20.9772
43.9782 20.9772
49.8122 20.9772
56.4368 20.9772
63.9591 20.9772
72.5007 20.9772
82.1998 20.9772
93.2132 20.9772
105.719 20.9772
119.919 20.9772
136.044 20.9772
154.354 20.9772
175.145 20.9772
198.753 20.9772
225.56 20.9772
256 20.9772
1.01015 23.7035
1.02167 23.7035
1.03476 23.7035
1.04962 23.7035
1.0665 23.7035
1.08566 23.7035
1.10741 23.7035
1.13212 23.7035
1.16017 23.7035
1.19203 23.7035
1.2282 23.7035
1.26927 23.7035
1.31591 23.7035
1.36887 23.7035
1.429 23.7035
1.49728 23.7035
1.57482 23.7035
1.66286 23.7035
1.76283 23.7035
1.87635 23.7035
2.00526 23.7035
2.15163 23.7035
2.31783 23.7035
2.50656 23.7035
2.72086 23.7035
2.9642 23.7035
3.24051 23.7035
3.55427 23.7035
3.91054 23.7035
4.3151 23.7035
4.77447 23.7035
5.29609 23.7035
5.88839 23.7035
6.56096 23.7035
7.32466 23.7035
8.19186 23.7035
9.17656 23.7035
10.2947 23.7035
13.0061 23.7035
14.6431 23.7035
16.502 23.7035
18.6128 23.7035
21.0097 23.7035
23.7313 23.7035
26.8217 23.7035
30.3309 23.7035
34.3157 23.7035
38.8404 23.7035
43.9782 23.7035
49.8122 23.7035
56.4368 23.7035
63.9591 23.7035
72.5007 23.7035
82.1998 23.7035
93.2132 23.7035
105.719 23.7035
119.919 23.7035
136.044 23.7035
154.354 23.7035
175.145 23.7035
198.753 23.7035
225.56 23.7035
256 23.7035
1.01015 26.7992
1.02167 26.7992
1.03476 26.7992
1.04962 26.7992
1.0665 26.7992
1.08566 26.7992
1.10741 26.7992
1.13212 26.7992
1.16017 26.7992
1.19203 26.7992
1.2282 26.7992
1.26927 26.7992
1.31591 26.7992
1.36887 26.7992
1.429 26.7992
1.49728 26.7992
1.57482 26.7992
1.66286 26.7992
1.76283 26.7992
1.87635 26.7992
2.00526 26.7992
2.15163 26.7992
2.31783 26.7992
2.50656 26.7992
2.72086 26.7992
2.9642 26.7992
3.24051 26.7992
3.55427 26.7992
3.91054 26.7992
4.3151 26.7992
4.77447 26.7992
5.29609 26.7992
5.88839 26.7992
6.56096 26.7992
7.32466 26.7992
8.19186 26.7992
9.17656 26.7992
10.2947 26.7992
13.0061 26.7992
14.6431 26.7992
16.502 26.7992
18.6128 26.7992
21.0097 26.7992
23.7313 26.7992
26.8217 26.7992
30.3309 26.7992
34.3157 26.7992
38.8404 26.7992
43.9782 26.7992
49.8122 26.7992
56.4368 26.7992
63.9591 26.7992
72.5007 26.7992
82.1998 26.7992
93.2132 26.7992
105.719 26.7992
119.919 26.7992
136.044 26.7992
154.354 26.7992
175.145 26.7992
198.753 26.7992
225.56 26.7992
256 26.7992
1.01015 30.3144
1.02167 30.3144
1.03476 30.3144
1.04962 30.3144
1.0665 30.3144
1.08566 30.3144
1.10741 30.3144
1.13212 30.3144
1.16017 30.3144
1.19203 30.3144
1.2282 30.3144
1.26927 30.3144
1.31591 30.3144
1.36887 30.3144
1.429 30.3144
1.49728 30.3144
1.57482 30.3144
1.66286 30.3144
1.76283 30.3144
1.87635 30.3144
2.00526 30.3144
2.15163 30.3144
2.31783 30.3144
2.50656 30.3144
2.72086 30.3144
2.9642 30.3144
3.24051 30.3144
3.55427 30.3144
3.91054 30.3144
4.3151 30.3144
4.77447 30.3144
5.29609 30.3144
5.88839 30.3144
6.56096 30.3144
7.32466 30.3144
8.19186 30.3144
9.17656 30.3144
10.2947 30.3144
13.0061 30.3144
14.6431 30.3144
16.502 30.3144
18.6128 30.3144
21.0097 30.3144
23.7313 30.3144
26.8217 30.3144
30.3309 30.3144
34.3157 30.3144
38.8404 30.3144
43.9782 30.3144
49.8122 30.3144
56.4368 30.3144
63.9591 30.3144
72.5007 30.3144
82.1998 30.3144
93.2132 30.3144
105.719 30.3144
119.919 30.3144
136.044 30.3144
154.354 30.3144
175.145 30.3144
198.753 30.3144
225.56 30.3144
256 30.3144
1.01015 34.3059
1.02167 34.3059
1.03476 34.3059
1.04962 34.3059
1.0665 34.3059
1.08566 34.3059
1.10741 34.3059
1.13212 34.3059
1.16017 34.3059
1.19203 34.3059
1.2282 34.3059
1.26927 34.3059
1.31591 34.3059
1.36887 34.3059
1.429 34.3059
1.49728 34.3059
1.57482 34.3059
1.66286 34.3059
1.76283 34.3059
1.87635 34.3059
2.00526 34.3059
2.15163 34.3059
2.31783 34.3059
2.50656 34.3059
2.72086 34.3059
2.9642 34.3059
3.24051 34.3059
3.55427 34.3059
3.91054 34.3059
4.3151 34.3059
4.77447 34.3059
5.29609 34.3059
5.88839 34.3059
6.56096 34.3059
7.32466 34.3059
8.19186 34.3059
9.17656 34.3059
10.2947 34.3059
13.0061 34.3059
14.6431 34.3059
16.502 34.3059
18.6128 34.3059
21.0097 34.3059
23.7313 34.3059
26.8217 34.3059
30.3309 34.3059
34.3157 34.3059
38.8404 34.3059
43.9782 34.3059
49.8122 34.3059
56.4368 34.3059
63.9591 34.3059
72.5007 34.3059
82.1998 34.3059
93.2132 34.3059
105.719 34.3059
119.919 34.3059
136.044 34.3059
154.354 34.3059
175.145 34.3059
198.753 34.3059
225.56 34.3059
256 34.3059
1.01015 38.8384
1.02167 38.8384
1.03476 38.8384
1.04962 38.8384
1.0665 38.8384
1.08566 38.8384
1.10741 38.8384
1.13212 38.8384
1.16017 38.8384
1.19203 38.8384
1.2282 38.8384
1.26927 38.8384
1.31591 38.8384
1.36887 38.8384
1.429 38.8384
1.49728 38.8384
1.57482 38.8384
1.66286 38.8384
1.76283 38.8384
1.87635 38.8384
2.00526 38.8384
2.15163 38.8384
2.31783 38.8384
2.50656 38.8384
2.72086 38.8384
2.9642 38.8384
3.24051 38.8384
3.55427 38.8384
3.91054 38.8384
4.3151 38.8384
4.77447 38.8384
5.29609 38.8384
5.88839 38.8384
6.56096 38.8384
7.32466 38.8384
8.19186 38.8384
9.17656 38.8384
10.2947 38.8384
13.0061 38.8384
14.6431 38.8384
16.502 38.8384
18.6128 38.8384
21.0097 38.8384
23.7313 38.8384
26.8217 38.8384
30.3309 38.8384
34.3157 38.8384
38.8404 38.8384
43.9782 38.8384
49.8122 38.8384
56.4368 38.8384
63.9591 38.8384
72.5007 38.8384
82.1998 38.8384
93.2132 38.8384
105.719 38.8384
119.919 38.8384
136.044 38.8384
154.354 38.8384
175.145 38.8384
198.753 38.8384
225.56 38.8384
256 38.8384
1.01015 43.9849
1.02167 43.9849
1.03476 43.9849
1.04962 43.9849
1.0665 43.9849
1.08566 43.9849
1.10741 43.9849
1.13212 43.9849
1.16017 43.9849
1.19203 43.9849
1.2282 43.9849
1.26927 43.9849
1.31591 43.9849
1.36887 43.9849
1.429 43.9849
1.49728 43.9849
1.57482 43.9849
1.66286 43.9849
1.76283 43.9849
1.87635 43.9849
2.00526 43.9849
2.15163 43.9849
2.31783 43.9849
2.50656 43.9849
2.72086 43.9849
2.9642 43.9849
3.24051 43.9849
3.55427 43.9849
3.91054 43.9849
4.3151 43.9849
4.77447 43.9849
5.29609 43.9849
5.88839 43.9849
6.56096 43.9849
7.32466 43.9849
8.19186 43.9849
9.17656 43.9849
10.2947 43.9849
13.0061 43.9849
14.6431 43.9849
16.502 43.9849
18.6128 43.9849
21.0097 43.9849
23.7313 43.9849
26.8217 43.9849
30.3309 43.9849
34.3157 43.9849
38.8404 43.9849
43.9782 43.9849
49.8122 43.9849
56.4368 43.9849
63.9591 43.9849
72.5007 43.9849
82.1998 43.9849
93.2132 43.9849
105.719 43.9849
119.919 43.9849
136.044 43.9849
154.354 43.9849
175.145 43.9849
198.753 43.9849
225.56 43.9849
256 43.9849
1.01015 49.829
1.02167 49.829
1.03476 49.829
1.04962 49.829
1.0665 49.829
1.08566 49.829
1.10741 49.829
1.13212 49.829
1.16017 49.829
1.19203 49.829
1.2282 49.829
1.26927 49.829
1.31591 49.829
1.36887 49.829
1.429 49.829
1.49728 49.829
1.57482 49.829
1.66286 49.829
1.76283 49.829
1.87635 49.829
2.00526 49.829
2.15163 49.829
2.31783 49.829
2.50656 49.829
2.72086 49.829
2.9642 49.829
3.24051 49.829
3.55427 49.829
3.91054 49.829
4.3151 49.829
4.77447 49.829
5.29609 49.829
5.88839 49.829
6.56096 49.829
7.32466 49.829
8.19186 49.829
9.17656 49.829
10.2947 49.829
13.0061 49.829
14.6431 49.829
16.502 49.829
18.6128 49.829
21.0097 49.829
23.7313 49.829
26.8217 49.829
30.3309 49.829
34.3157 49.829
38.8404 49.829
43.9782 49.829
49.8122 49.829
56.4368 49.829
63.9591 49.829
72.5007 49.829
82.1998 49.829
93.2132 49.829
105.719 49.829
119.919 49.829
136.044 49.829
154.354 49.829
175.145 49.829
198.753 49.829
225.56 49.829
256 49.829
1.01015 56.4649
1.02167 56.4649
1.03476 56.4649
1.04962 56.4649
1.0665 56.4649
1.08566 56.4649
1.10741 56.4649
1.13212 56.4649
1.16017 56.4649
1.19203 56.4649
1.2282 56.4649
1.26927 56.4649
1.31591 56.4649
1.36887 56.4649
1.429 56.4649
1.49728 56.4649
1.57482 56.4649
1.66286 56.4649
1.76283 56.4649
1.87635 56.4649
2.00526 56.4649
2.15163 56.4649
2.31783 56.4649
2.50656 56.4649
2.72086 56.4649
2.9642 56.4649
3.24051 56.4649
3.55427 56.4649
3.91054 56.4649
4.3151 56.4649
4.77447 56.4649
5.29609 56.4649
5.88839 56.4649
6.56096 56.4649
7.32466 56.4649
8.19186 56.4649
9.17656 56.4649
10.2947 56.4649
13.0061 56.4649
14.6431 56.4649
16.502 56.4649
18.6128 56.4649
21.0097 56.4649
23.7313 56.4649
26.8217 56.4649
30.3309 56.4649
34.3157 56.4649
38.8404 56.4649
43.9782 56.4649
49.8122 56.4649
56.4368 56.4649
63.9591 56.4649
72.5007 56.4649
82.1998 56.4649
93.2132 56.4649
105.719 56.4649
119.919 56.4649
136.044 56.4649
154.354 56.4649
175.145 56.4649
198.753 56.4649
225.56 56.4649
256 56.4649
13.0061 64
14.6431 64
16.502 64
18.6128 64
21.0097 64
23.7313 64
26.8217 64
30.3309 64
34.3157 64
38.8404 64
43.9782 64
49.8122 64
56.4368 64
63.9591 64
72.5007 64
82.1998 64
93.2132 64
105.719 64
119.919 64
136.044 64
154.354 64
175.145 64
198.753 64
225.56 64
256 64
