1.1092 1.1092
2.30262 1.1092
3.58666 1.1092
4.9682 1.1092
6.45463 1.1092
8.05393 1.1092
9.77467 1.1092
11.6261 1.1092
13.618 1.1092
15.7612 1.1092
18.0672 1.1092
20.5482 1.1092
23.2177 1.1092
26.0898 1.1092
29.18 1.1092
32.5048 1.1092
36.0821 1.1092
39.931 1.1092
44.0721 1.1092
48.5277 1.1092
53.3216 1.1092
58.4795 1.1092
64.0291 1.1092
1.1092 2.30262
2.30262 2.30262
3.58666 2.30262
4.9682 2.30262
6.45463 2.30262
8.05393 2.30262
9.77467 2.30262
11.6261 2.30262
13.618 2.30262
15.7612 2.30262
18.0672 2.30262
20.5482 2.30262
23.2177 2.30262
26.0898 2.30262
29.18 2.30262
32.5048 2.30262
36.0821 2.30262
39.931 2.30262
44.0721 2.30262
48.5277 2.30262
53.3216 2.30262
58.4795 2.30262
64.0291 2.30262
1.1092 3.58666
2.30262 3.58666
3.58666 3.58666
4.9682 3.58666
6.45463 3.58666
8.05393 3.58666
9.77467 3.58666
11.6261 3.58666
13.618 3.58666
15.7612 3.58666
18.0672 3.58666
20.5482 3.58666
23.2177 3.58666
26.0898 3.58666
29.18 3.58666
32.5048 3.58666
36.0821 3.58666
39.931 3.58666
44.0721 3.58666
48.5277 3.58666
53.3216 3.58666
58.4795 3.58666
64.0291 3.58666
1.1092 4.9682
2.30262 4.9682
3.58666 4.9682
4.9682 4.9682
6.45463 4.9682
8.05393 4.9682
9.77467 4.9682
11.6261 4.9682
13.618 4.9682
15.7612 4.9682
18.0672 4.9682
20.5482 4.9682
23.2177 4.9682
26.0898 4.9682
29.18 4.9682
32.5048 4.9682
36.0821 4.9682
39.931 4.9682
44.0721 4.9682
48.5277 4.9682
53.3216 4.9682
58.4795 4.9682
64.0291 4.9682
1.1092 6.45463
2.30262 6.45463
3.58666 6.45463
4.9682 6.45463
6.45463 6.45463
8.05393 6.45463
9.77467 6.45463
11.6261 6.45463
13.618 6.45463
15.7612 6.45463
18.0672 6.45463
20.5482 6.45463
23.2177 6.45463
26.0898 6.45463
29.18 6.45463
32.5048 6.45463
36.0821 6.45463
39.931 6.45463
44.0721 6.45463
48.5277 6.45463
53.3216 6.45463
58.4795 6.45463
64.0291 6.45463
1.1092 8.05393
2.30262 8.05393
3.58666 8.05393
4.9682 8.05393
6.45463 8.05393
8.05393 8.05393
9.77467 8.05393
11.6261 8.05393
13.618 8.05393
15.7612 8.05393
18.0672 8.05393
20.5482 8.05393
23.2177 8.05393
26.0898 8.05393
29.18 8.05393
32.5048 8.05393
36.0821 8.05393
39.931 8.05393
44.0721 8.05393
48.5277 8.05393
53.3216 8.05393
58.4795 8.05393
64.0291 8.05393
1.1092 9.77467
2.30262 9.77467
3.58666 9.77467
4.9682 9.77467
6.45463 9.77467
8.05393 9.77467
9.77467 9.77467
11.6261 9.77467
13.618 9.77467
15.7612 9.77467
18.0672 9.77467
20.5482 9.77467
23.2177 9.77467
26.0898 9.77467
29.18 9.77467
32.5048 9.77467
36.0821 9.77467
39.931 9.77467
44.0721 9.77467
48.5277 9.77467
53.3216 9.77467
58.4795 9.77467
64.0291 9.77467
1.1092 11.6261
2.30262 11.6261
3.58666 11.6261
4.9682 11.6261
6.45463 11.6261
8.05393 11.6261
9.77467 11.6261
11.6261 11.6261
13.618 11.6261
15.7612 11.6261
18.0672 11.6261
20.5482 11.6261
23.2177 11.6261
26.0898 11.6261
29.18 11.6261
32.5048 11.6261
36.0821 11.6261
39.931 11.6261
44.0721 11.6261
48.5277 11.6261
53.3216 11.6261
58.4795 11.6261
64.0291 11.6261
1.1092 13.618
2.30262 13.618
3.58666 13.618
4.9682 13.618
6.45463 13.618
8.05393 13.618
9.77467 13.618
11.6261 13.618
13.618 13.618
15.7612 13.618
18.0672 13.618
20.5482 13.618
23.2177 13.618
26.0898 13.618
29.18 13.618
32.5048 13.618
36.0821 13.618
39.931 13.618
44.0721 13.618
48.5277 13.618
53.3216 13.618
58.4795 13.618
64.0291 13.618
1.1092 15.7612
2.30262 15.7612
3.58666 15.7612
4.9682 15.7612
6.45463 15.7612
8.05393 15.7612
9.77467 15.7612
11.6261 15.7612
13.618 15.7612
15.7612 15.7612
18.0672 15.7612
20.5482 15.7612
23.2177 15.7612
26.0898 15.7612
29.18 15.7612
32.5048 15.7612
36.0821 15.7612
39.931 15.7612
44.0721 15.7612
48.5277 15.7612
53.3216 15.7612
58.4795 15.7612
64.0291 15.7612
1.1092 18.0672
2.30262 18.0672
3.58666 18.0672
4.9682 18.0672
6.45463 18.0672
8.05393 18.0672
9.77467 18.0672
11.6261 18.0672
13.618 18.0672
15.7612 18.0672
18.0672 18.0672
20.5482 18.0672
23.2177 18.0672
26.0898 18.0672
29.18 18.0672
32.5048 18.0672
36.0821 18.0672
39.931 18.0672
44.0721 18.0672
48.5277 18.0672
53.3216 18.0672
58.4795 18.0672
64.0291 18.0672
1.1092 20.5482
2.30262 20.5482
3.58666 20.5482
4.9682 20.5482
6.45463 20.5482
8.05393 20.5482
9.77467 20.5482
11.6261 20.5482
13.618 20.5482
15.7612 20.5482
18.0672 20.5482
20.5482 20.5482
23.2177 20.5482
26.0898 20.5482
29.18 20.5482
32.5048 20.5482
36.0821 20.5482
39.931 20.5482
44.0721 20.5482
48.5277 20.5482
53.3216 20.5482
58.4795 20.5482
64.0291 20.5482
1.1092 23.2177
2.30262 23.2177
3.58666 23.2177
4.9682 23.2177
6.45463 23.2177
8.05393 23.2177
9.77467 23.2177
11.6261 23.2177
13.618 23.2177
15.7612 23.2177
18.0672 23.2177
20.5482 23.2177
23.2177 23.2177
26.0898 23.2177
29.18 23.2177
32.5048 23.2177
36.0821 23.2177
39.931 23.2177
44.0721 23.2177
48.5277 23.2177
53.3216 23.2177
58.4795 23.2177
64.0291 23.2177
1.1092 26.0898
2.30262 26.0898
3.58666 26.0898
4.9682 26.0898
6.45463 26.0898
8.05393 26.0898
9.77467 26.0898
11.6261 26.0898
13.618 26.0898
15.7612 26.0898
18.0672 26.0898
20.5482 26.0898
23.2177 26.0898
26.0898 26.0898
29.18 26.0898
32.5048 26.0898
36.0821 26.0898
39.931 26.0898
44.0721 26.0898
48.5277 26.0898
53.3216 26.0898
58.4795 26.0898
64.0291 26.0898
1.1092 29.18
2.30262 29.18
3.58666 29.18
4.9682 29.18
6.45463 29.18
8.05393 29.18
9.77467 29.18
11.6261 29.18
13.618 29.18
15.7612 29.18
18.0672 29.18
20.5482 29.18
23.2177 29.18
26.0898 29.18
29.18 29.18
1.1092 32.5048
2.30262 32.5048
3.58666 32.5048
4.9682 32.5048
6.45463 32.5048
8.05393 32.5048
9.77467 32.5048
11.6261 32.5048
13.618 32.5048
15.7612 32.5048
18.0672 32.5048
20.5482 32.5048
23.2177 32.5048
26.0898 32.5048
32.5048 32.5048
36.0821 32.5048
39.931 32.5048
44.0721 32.5048
48.5277 32.5048
53.3216 32.5048
58.4795 32.5048
64.0291 32.5048
70 32.5048
1.1092 36.0821
2.30262 36.0821
3.58666 36.0821
4.9682 36.0821
6.45463 36.0821
8.05393 36.0821
9.77467 36.0821
11.6261 36.0821
13.618 36.0821
15.7612 36.0821
18.0672 36.0821
20.5482 36.0821
23.2177 36.0821
26.0898 36.0821
32.5048 36.0821
36.0821 36.0821
39.931 36.0821
44.0721 36.0821
48.5277 36.0821
53.3216 36.0821
58.4795 36.0821
64.0291 36.0821
70 36.0821
1.1092 39.931
2.30262 39.931
3.58666 39.931
4.9682 39.931
6.45463 39.931
8.05393 39.931
9.77467 39.931
11.6261 39.931
13.618 39.931
15.7612 39.931
18.0672 39.931
20.5482 39.931
23.2177 39.931
26.0898 39.931
32.5048 39.931
36.0821 39.931
39.931 39.931
44.0721 39.931
48.5277 39.931
53.3216 39.931
58.4795 39.931
64.0291 39.931
70 39.931
1.1092 44.0721
2.30262 44.0721
3.58666 44.0721
4.9682 44.0721
6.45463 44.0721
8.05393 44.0721
9.77467 44.0721
11.6261 44.0721
13.618 44.0721
15.7612 44.0721
18.0672 44.0721
20.5482 44.0721
23.2177 44.0721
26.0898 44.0721
32.5048 44.0721
36.0821 44.0721
39.931 44.0721
44.0721 44.0721
48.5277 44.0721
53.3216 44.0721
58.4795 44.0721
64.0291 44.0721
70 44.0721
1.1092 48.5277
2.30262 48.5277
3.58666 48.5277
4.9682 48.5277
6.45463 48.5277
8.05393 48.5277
9.77467 48.5277
11.6261 48.5277
13.618 48.5277
15.7612 48.5277
18.0672 48.5277
20.5482 48.5277
23.2177 48.5277
26.0898 48.5277
32.5048 48.5277
36.0821 48.5277
39.931 48.5277
44.0721 48.5277
48.5277 48.5277
53.3216 48.5277
58.4795 48.5277
64.0291 48.5277
70 48.5277
1.1092 53.3216
2.30262 53.3216
3.58666 53.3216
4.9682 53.3216
6.45463 53.3216
8.05393 53.3216
9.77467 53.3216
11.6261 53.3216
13.618 53.3216
15.7612 53.3216
18.0672 53.3216
20.5482 53.3216
23.2177 53.3216
26.0898 53.3216
32.5048 53.3216
36.0821 53.3216
39.931 53.3216
44.0721 53.3216
48.5277 53.3216
53.3216 53.3216
58.4795 53.3216
64.0291 53.3216
70 53.3216
1.1092 58.4795
2.30262 58.4795
3.58666 58.4795
4.9682 58.4795
6.45463 58.4795
8.05393 58.4795
9.77467 58.4795
11.6261 58.4795
13.618 58.4795
15.7612 58.4795
18.0672 58.4795
20.5482 58.4795
23.2177 58.4795
26.0898 58.4795
32.5048 58.4795
36.0821 58.4795
39.931 58.4795
44.0721 58.4795
48.5277 58.4795
53.3216 58.4795
58.4795 58.4795
64.0291 58.4795
70 58.4795
1.1092 64.0291
2.30262 64.0291
3.58666 64.0291
4.9682 64.0291
6.45463 64.0291
8.05393 64.0291
9.77467 64.0291
11.6261 64.0291
13.618 64.0291
15.7612 64.0291
18.0672 64.0291
20.5482 64.0291
23.2177 64.0291
26.0898 64.0291
32.5048 64.0291
36.0821 64.0291
39.931 64.0291
44.0721 64.0291
48.5277 64.0291
53.3216 64.0291
58.4795 64.0291
64.0291 64.0291
70 64.0291
32.5048 70
36.0821 70
39.931 70
44.0721 70
48.5277 70
53.3216 70
58.4795 70
64.0291 70
70 70
