3.22457 3.22457
6.77967 3.22457
10.6992 3.22457
15.0204 3.22457
19.7846 3.22457
25.0371 3.22457
30.8279 3.22457
37.2124 3.22457
44.2512 3.22457
52.0115 3.22457
60.5673 3.22457
3.22457 6.77967
6.77967 6.77967
10.6992 6.77967
15.0204 6.77967
19.7846 6.77967
25.0371 6.77967
30.8279 6.77967
37.2124 6.77967
44.2512 6.77967
52.0115 6.77967
60.5673 6.77967
3.22457 10.6992
6.77967 10.6992
10.6992 10.6992
15.0204 10.6992
19.7846 10.6992
25.0371 10.6992
30.8279 10.6992
37.2124 10.6992
44.2512 10.6992
52.0115 10.6992
60.5673 10.6992
3.22457 15.0204
6.77967 15.0204
10.6992 15.0204
15.0204 15.0204
19.7846 15.0204
25.0371 15.0204
30.8279 15.0204
37.2124 15.0204
44.2512 15.0204
52.0115 15.0204
60.5673 15.0204
3.22457 19.7846
6.77967 19.7846
10.6992 19.7846
15.0204 19.7846
19.7846 19.7846
25.0371 19.7846
30.8279 19.7846
37.2124 19.7846
44.2512 19.7846
52.0115 19.7846
60.5673 19.7846
3.22457 25.0371
6.77967 25.0371
10.6992 25.0371
15.0204 25.0371
19.7846 25.0371
25.0371 25.0371
30.8279 25.0371
37.2124 25.0371
44.2512 25.0371
52.0115 25.0371
60.5673 25.0371
3.22457 30.8279
6.77967 30.8279
10.6992 30.8279
15.0204 30.8279
19.7846 30.8279
25.0371 30.8279
30.8279 30.8279
3.22457 37.2124
6.77967 37.2124
10.6992 37.2124
15.0204 37.2124
19.7846 37.2124
25.0371 37.2124
37.2124 37.2124
44.2512 37.2124
52.0115 37.2124
60.5673 37.2124
70 37.2124
3.22457 44.2512
6.77967 44.2512
10.6992 44.2512
15.0204 44.2512
19.7846 44.2512
25.0371 44.2512
37.2124 44.2512
44.2512 44.2512
52.0115 44.2512
60.5673 44.2512
70 44.2512
3.22457 52.0115
6.77967 52.0115
10.6992 52.0115
15.0204 52.0115
19.7846 52.0115
25.0371 52.0115
37.2124 52.0115
44.2512 52.0115
52.0115 52.0115
60.5673 52.0115
70 52.0115
3.22457 60.5673
6.77967 60.5673
10.6992 60.5673
15.0204 60.5673
19.7846 60.5673
25.0371 60.5673
37.2124 60.5673
44.2512 60.5673
52.0115 60.5673
60.5673 60.5673
70 60.5673
37.2124 70
44.2512 70
52.0115 70
60.5673 70
70 70
