0.21678 0.21678
0.448131 0.21678
0.695032 0.21678
0.958529 0.21678
1.23974 0.21678
1.53985 0.21678
1.86013 0.21678
2.20194 0.21678
2.56673 0.21678
2.95603 0.21678
3.3715 0.21678
3.8149 0.21678
4.28811 0.21678
4.79312 0.21678
5.33207 0.21678
5.90725 0.21678
6.5211 0.21678
7.1762 0.21678
7.87533 0.21678
8.62146 0.21678
9.41775 0.21678
10.2676 0.21678
11.1745 0.21678
12.1424 0.21678
13.1753 0.21678
14.2777 0.21678
15.4541 0.21678
16.7097 0.21678
18.0496 0.21678
19.4796 0.21678
21.0058 0.21678
22.6345 0.21678
24.3727 0.21678
26.2277 0.21678
28.2074 0.21678
30.3202 0.21678
32.5749 0.21678
34.9813 0.21678
37.5494 0.21678
40.2901 0.21678
43.215 0.21678
46.3365 0.21678
49.6679 0.21678
53.2231 0.21678
57.0174 0.21678
61.0666 0.21678
65.3881 0.21678
0.21678 0.448131
0.448131 0.448131
0.695032 0.448131
0.958529 0.448131
1.23974 0.448131
1.53985 0.448131
1.86013 0.448131
2.20194 0.448131
2.56673 0.448131
2.95603 0.448131
3.3715 0.448131
3.8149 0.448131
4.28811 0.448131
4.79312 0.448131
5.33207 0.448131
5.90725 0.448131
6.5211 0.448131
7.1762 0.448131
7.87533 0.448131
8.62146 0.448131
9.41775 0.448131
10.2676 0.448131
11.1745 0.448131
12.1424 0.448131
13.1753 0.448131
14.2777 0.448131
15.4541 0.448131
16.7097 0.448131
18.0496 0.448131
19.4796 0.448131
21.0058 0.448131
22.6345 0.448131
24.3727 0.448131
26.2277 0.448131
28.2074 0.448131
30.3202 0.448131
32.5749 0.448131
34.9813 0.448131
37.5494 0.448131
40.2901 0.448131
43.215 0.448131
46.3365 0.448131
49.6679 0.448131
53.2231 0.448131
57.0174 0.448131
61.0666 0.448131
65.3881 0.448131
0.21678 0.695032
0.448131 0.695032
0.695032 0.695032
0.958529 0.695032
1.23974 0.695032
1.53985 0.695032
1.86013 0.695032
2.20194 0.695032
2.56673 0.695032
2.95603 0.695032
3.3715 0.695032
3.8149 0.695032
4.28811 0.695032
4.79312 0.695032
5.33207 0.695032
5.90725 0.695032
6.5211 0.695032
7.1762 0.695032
7.87533 0.695032
8.62146 0.695032
9.41775 0.695032
10.2676 0.695032
11.1745 0.695032
12.1424 0.695032
13.1753 0.695032
14.2777 0.695032
15.4541 0.695032
16.7097 0.695032
18.0496 0.695032
19.4796 0.695032
21.0058 0.695032
22.6345 0.695032
24.3727 0.695032
26.2277 0.695032
28.2074 0.695032
30.3202 0.695032
32.5749 0.695032
34.9813 0.695032
37.5494 0.695032
40.2901 0.695032
43.215 0.695032
46.3365 0.695032
49.6679 0.695032
53.2231 0.695032
57.0174 0.695032
61.0666 0.695032
65.3881 0.695032
0.21678 0.958529
0.448131 0.958529
0.695032 0.958529
0.958529 0.958529
1.23974 0.958529
1.53985 0.958529
1.86013 0.958529
2.20194 0.958529
2.56673 0.958529
2.95603 0.958529
3.3715 0.958529
3.8149 0.958529
4.28811 0.958529
4.79312 0.958529
5.33207 0.958529
5.90725 0.958529
6.5211 0.958529
7.1762 0.958529
7.87533 0.958529
8.62146 0.958529
9.41775 0.958529
10.2676 0.958529
11.1745 0.958529
12.1424 0.958529
13.1753 0.958529
14.2777 0.958529
15.4541 0.958529
16.7097 0.958529
18.0496 0.958529
19.4796 0.958529
21.0058 0.958529
22.6345 0.958529
24.3727 0.958529
26.2277 0.958529
28.2074 0.958529
30.3202 0.958529
32.5749 0.958529
34.9813 0.958529
37.5494 0.958529
40.2901 0.958529
43.215 0.958529
46.3365 0.958529
49.6679 0.958529
53.2231 0.958529
57.0174 0.958529
61.0666 0.958529
65.3881 0.958529
0.21678 1.23974
0.448131 1.23974
0.695032 1.23974
0.958529 1.23974
1.23974 1.23974
1.53985 1.23974
1.86013 1.23974
2.20194 1.23974
2.56673 1.23974
2.95603 1.23974
3.3715 1.23974
3.8149 1.23974
4.28811 1.23974
4.79312 1.23974
5.33207 1.23974
5.90725 1.23974
6.5211 1.23974
7.1762 1.23974
7.87533 1.23974
8.62146 1.23974
9.41775 1.23974
10.2676 1.23974
11.1745 1.23974
12.1424 1.23974
13.1753 1.23974
14.2777 1.23974
15.4541 1.23974
16.7097 1.23974
18.0496 1.23974
19.4796 1.23974
21.0058 1.23974
22.6345 1.23974
24.3727 1.23974
26.2277 1.23974
28.2074 1.23974
30.3202 1.23974
32.5749 1.23974
34.9813 1.23974
37.5494 1.23974
40.2901 1.23974
43.215 1.23974
46.3365 1.23974
49.6679 1.23974
53.2231 1.23974
57.0174 1.23974
61.0666 1.23974
65.3881 1.23974
0.21678 1.53985
0.448131 1.53985
0.695032 1.53985
0.958529 1.53985
1.23974 1.53985
1.53985 1.53985
1.86013 1.53985
2.20194 1.53985
2.56673 1.53985
2.95603 1.53985
3.3715 1.53985
3.8149 1.53985
4.28811 1.53985
4.79312 1.53985
5.33207 1.53985
5.90725 1.53985
6.5211 1.53985
7.1762 1.53985
7.87533 1.53985
8.62146 1.53985
9.41775 1.53985
10.2676 1.53985
11.1745 1.53985
12.1424 1.53985
13.1753 1.53985
14.2777 1.53985
15.4541 1.53985
16.7097 1.53985
18.0496 1.53985
19.4796 1.53985
21.0058 1.53985
22.6345 1.53985
24.3727 1.53985
26.2277 1.53985
28.2074 1.53985
30.3202 1.53985
32.5749 1.53985
34.9813 1.53985
37.5494 1.53985
40.2901 1.53985
43.215 1.53985
46.3365 1.53985
49.6679 1.53985
53.2231 1.53985
57.0174 1.53985
61.0666 1.53985
65.3881 1.53985
0.21678 1.86013
0.448131 1.86013
0.695032 1.86013
0.958529 1.86013
1.23974 1.86013
1.53985 1.86013
1.86013 1.86013
2.20194 1.86013
2.56673 1.86013
2.95603 1.86013
3.3715 1.86013
3.8149 1.86013
4.28811 1.86013
4.79312 1.86013
5.33207 1.86013
5.90725 1.86013
6.5211 1.86013
7.1762 1.86013
7.87533 1.86013
8.62146 1.86013
9.41775 1.86013
10.2676 1.86013
11.1745 1.86013
12.1424 1.86013
13.1753 1.86013
14.2777 1.86013
15.4541 1.86013
16.7097 1.86013
18.0496 1.86013
19.4796 1.86013
21.0058 1.86013
22.6345 1.86013
24.3727 1.86013
26.2277 1.86013
28.2074 1.86013
30.3202 1.86013
32.5749 1.86013
34.9813 1.86013
37.5494 1.86013
40.2901 1.86013
43.215 1.86013
46.3365 1.86013
49.6679 1.86013
53.2231 1.86013
57.0174 1.86013
61.0666 1.86013
65.3881 1.86013
0.21678 2.20194
0.448131 2.20194
0.695032 2.20194
0.958529 2.20194
1.23974 2.20194
1.53985 2.20194
1.86013 2.20194
2.20194 2.20194
2.56673 2.20194
2.95603 2.20194
3.3715 2.20194
3.8149 2.20194
4.28811 2.20194
4.79312 2.20194
5.33207 2.20194
5.90725 2.20194
6.5211 2.20194
7.1762 2.20194
7.87533 2.20194
8.62146 2.20194
9.41775 2.20194
10.2676 2.20194
11.1745 2.20194
12.1424 2.20194
13.1753 2.20194
14.2777 2.20194
15.4541 2.20194
16.7097 2.20194
18.0496 2.20194
19.4796 2.20194
21.0058 2.20194
22.6345 2.20194
24.3727 2.20194
26.2277 2.20194
28.2074 2.20194
30.3202 2.20194
32.5749 2.20194
34.9813 2.20194
37.5494 2.20194
40.2901 2.20194
43.215 2.20194
46.3365 2.20194
49.6679 2.20194
53.2231 2.20194
57.0174 2.20194
61.0666 2.20194
65.3881 2.20194
0.21678 2.56673
0.448131 2.56673
0.695032 2.56673
0.958529 2.56673
1.23974 2.56673
1.53985 2.56673
1.86013 2.56673
2.20194 2.56673
2.56673 2.56673
2.95603 2.56673
3.3715 2.56673
3.8149 2.56673
4.28811 2.56673
4.79312 2.56673
5.33207 2.56673
5.90725 2.56673
6.5211 2.56673
7.1762 2.56673
7.87533 2.56673
8.62146 2.56673
9.41775 2.56673
10.2676 2.56673
11.1745 2.56673
12.1424 2.56673
13.1753 2.56673
14.2777 2.56673
15.4541 2.56673
16.7097 2.56673
18.0496 2.56673
19.4796 2.56673
21.0058 2.56673
22.6345 2.56673
24.3727 2.56673
26.2277 2.56673
28.2074 2.56673
30.3202 2.56673
32.5749 2.56673
34.9813 2.56673
37.5494 2.56673
40.2901 2.56673
43.215 2.56673
46.3365 2.56673
49.6679 2.56673
53.2231 2.56673
57.0174 2.56673
61.0666 2.56673
65.3881 2.56673
0.21678 2.95603
0.448131 2.95603
0.695032 2.95603
0.958529 2.95603
1.23974 2.95603
1.53985 2.95603
1.86013 2.95603
2.20194 2.95603
2.56673 2.95603
2.95603 2.95603
3.3715 2.95603
3.8149 2.95603
4.28811 2.95603
4.79312 2.95603
5.33207 2.95603
5.90725 2.95603
6.5211 2.95603
7.1762 2.95603
7.87533 2.95603
8.62146 2.95603
9.41775 2.95603
10.2676 2.95603
11.1745 2.95603
12.1424 2.95603
13.1753 2.95603
14.2777 2.95603
15.4541 2.95603
16.7097 2.95603
18.0496 2.95603
19.4796 2.95603
21.0058 2.95603
22.6345 2.95603
24.3727 2.95603
26.2277 2.95603
28.2074 2.95603
30.3202 2.95603
32.5749 2.95603
34.9813 2.95603
37.5494 2.95603
40.2901 2.95603
43.215 2.95603
46.3365 2.95603
49.6679 2.95603
53.2231 2.95603
57.0174 2.95603
61.0666 2.95603
65.3881 2.95603
0.21678 3.3715
0.448131 3.3715
0.695032 3.3715
0.958529 3.3715
1.23974 3.3715
1.53985 3.3715
1.86013 3.3715
2.20194 3.3715
2.56673 3.3715
2.95603 3.3715
3.3715 3.3715
3.8149 3.3715
4.28811 3.3715
4.79312 3.3715
5.33207 3.3715
5.90725 3.3715
6.5211 3.3715
7.1762 3.3715
7.87533 3.3715
8.62146 3.3715
9.41775 3.3715
10.2676 3.3715
11.1745 3.3715
12.1424 3.3715
13.1753 3.3715
14.2777 3.3715
15.4541 3.3715
16.7097 3.3715
18.0496 3.3715
19.4796 3.3715
21.0058 3.3715
22.6345 3.3715
24.3727 3.3715
26.2277 3.3715
28.2074 3.3715
30.3202 3.3715
32.5749 3.3715
34.9813 3.3715
37.5494 3.3715
40.2901 3.3715
43.215 3.3715
46.3365 3.3715
49.6679 3.3715
53.2231 3.3715
57.0174 3.3715
61.0666 3.3715
65.3881 3.3715
0.21678 3.8149
0.448131 3.8149
0.695032 3.8149
0.958529 3.8149
1.23974 3.8149
1.53985 3.8149
1.86013 3.8149
2.20194 3.8149
2.56673 3.8149
2.95603 3.8149
3.3715 3.8149
3.8149 3.8149
4.28811 3.8149
4.79312 3.8149
5.33207 3.8149
5.90725 3.8149
6.5211 3.8149
7.1762 3.8149
7.87533 3.8149
8.62146 3.8149
9.41775 3.8149
10.2676 3.8149
11.1745 3.8149
12.1424 3.8149
13.1753 3.8149
14.2777 3.8149
15.4541 3.8149
16.7097 3.8149
18.0496 3.8149
19.4796 3.8149
21.0058 3.8149
22.6345 3.8149
24.3727 3.8149
26.2277 3.8149
28.2074 3.8149
30.3202 3.8149
32.5749 3.8149
34.9813 3.8149
37.5494 3.8149
40.2901 3.8149
43.215 3.8149
46.3365 3.8149
49.6679 3.8149
53.2231 3.8149
57.0174 3.8149
61.0666 3.8149
65.3881 3.8149
0.21678 4.28811
0.448131 4.28811
0.695032 4.28811
0.958529 4.28811
1.23974 4.28811
1.53985 4.28811
1.86013 4.28811
2.20194 4.28811
2.56673 4.28811
2.95603 4.28811
3.3715 4.28811
3.8149 4.28811
4.28811 4.28811
4.79312 4.28811
5.33207 4.28811
5.90725 4.28811
6.5211 4.28811
7.1762 4.28811
7.87533 4.28811
8.62146 4.28811
9.41775 4.28811
10.2676 4.28811
11.1745 4.28811
12.1424 4.28811
13.1753 4.28811
14.2777 4.28811
15.4541 4.28811
16.7097 4.28811
18.0496 4.28811
19.4796 4.28811
21.0058 4.28811
22.6345 4.28811
24.3727 4.28811
26.2277 4.28811
28.2074 4.28811
30.3202 4.28811
32.5749 4.28811
34.9813 4.28811
37.5494 4.28811
40.2901 4.28811
43.215 4.28811
46.3365 4.28811
49.6679 4.28811
53.2231 4.28811
57.0174 4.28811
61.0666 4.28811
65.3881 4.28811
0.21678 4.79312
0.448131 4.79312
0.695032 4.79312
0.958529 4.79312
1.23974 4.79312
1.53985 4.79312
1.86013 4.79312
2.20194 4.79312
2.56673 4.79312
2.95603 4.79312
3.3715 4.79312
3.8149 4.79312
4.28811 4.79312
4.79312 4.79312
5.33207 4.79312
5.90725 4.79312
6.5211 4.79312
7.1762 4.79312
7.87533 4.79312
8.62146 4.79312
9.41775 4.79312
10.2676 4.79312
11.1745 4.79312
12.1424 4.79312
13.1753 4.79312
14.2777 4.79312
15.4541 4.79312
16.7097 4.79312
18.0496 4.79312
19.4796 4.79312
21.0058 4.79312
22.6345 4.79312
24.3727 4.79312
26.2277 4.79312
28.2074 4.79312
30.3202 4.79312
32.5749 4.79312
34.9813 4.79312
37.5494 4.79312
40.2901 4.79312
43.215 4.79312
46.3365 4.79312
49.6679 4.79312
53.2231 4.79312
57.0174 4.79312
61.0666 4.79312
65.3881 4.79312
0.21678 5.33207
0.448131 5.33207
0.695032 5.33207
0.958529 5.33207
1.23974 5.33207
1.53985 5.33207
1.86013 5.33207
2.20194 5.33207
2.56673 5.33207
2.95603 5.33207
3.3715 5.33207
3.8149 5.33207
4.28811 5.33207
4.79312 5.33207
5.33207 5.33207
5.90725 5.33207
6.5211 5.33207
7.1762 5.33207
7.87533 5.33207
8.62146 5.33207
9.41775 5.33207
10.2676 5.33207
11.1745 5.33207
12.1424 5.33207
13.1753 5.33207
14.2777 5.33207
15.4541 5.33207
16.7097 5.33207
18.0496 5.33207
19.4796 5.33207
21.0058 5.33207
22.6345 5.33207
24.3727 5.33207
26.2277 5.33207
28.2074 5.33207
30.3202 5.33207
32.5749 5.33207
34.9813 5.33207
37.5494 5.33207
40.2901 5.33207
43.215 5.33207
46.3365 5.33207
49.6679 5.33207
53.2231 5.33207
57.0174 5.33207
61.0666 5.33207
65.3881 5.33207
0.21678 5.90725
0.448131 5.90725
0.695032 5.90725
0.958529 5.90725
1.23974 5.90725
1.53985 5.90725
1.86013 5.90725
2.20194 5.90725
2.56673 5.90725
2.95603 5.90725
3.3715 5.90725
3.8149 5.90725
4.28811 5.90725
4.79312 5.90725
5.33207 5.90725
5.90725 5.90725
6.5211 5.90725
7.1762 5.90725
7.87533 5.90725
8.62146 5.90725
9.41775 5.90725
10.2676 5.90725
11.1745 5.90725
12.1424 5.90725
13.1753 5.90725
14.2777 5.90725
15.4541 5.90725
16.7097 5.90725
18.0496 5.90725
19.4796 5.90725
21.0058 5.90725
22.6345 5.90725
24.3727 5.90725
26.2277 5.90725
28.2074 5.90725
30.3202 5.90725
32.5749 5.90725
34.9813 5.90725
37.5494 5.90725
40.2901 5.90725
43.215 5.90725
46.3365 5.90725
49.6679 5.90725
53.2231 5.90725
57.0174 5.90725
61.0666 5.90725
65.3881 5.90725
0.21678 6.5211
0.448131 6.5211
0.695032 6.5211
0.958529 6.5211
1.23974 6.5211
1.53985 6.5211
1.86013 6.5211
2.20194 6.5211
2.56673 6.5211
2.95603 6.5211
3.3715 6.5211
3.8149 6.5211
4.28811 6.5211
4.79312 6.5211
5.33207 6.5211
5.90725 6.5211
6.5211 6.5211
7.1762 6.5211
7.87533 6.5211
8.62146 6.5211
9.41775 6.5211
10.2676 6.5211
11.1745 6.5211
12.1424 6.5211
13.1753 6.5211
14.2777 6.5211
15.4541 6.5211
16.7097 6.5211
18.0496 6.5211
19.4796 6.5211
21.0058 6.5211
22.6345 6.5211
24.3727 6.5211
26.2277 6.5211
28.2074 6.5211
30.3202 6.5211
32.5749 6.5211
34.9813 6.5211
37.5494 6.5211
40.2901 6.5211
43.215 6.5211
46.3365 6.5211
49.6679 6.5211
53.2231 6.5211
57.0174 6.5211
61.0666 6.5211
65.3881 6.5211
0.21678 7.1762
0.448131 7.1762
0.695032 7.1762
0.958529 7.1762
1.23974 7.1762
1.53985 7.1762
1.86013 7.1762
2.20194 7.1762
2.56673 7.1762
2.95603 7.1762
3.3715 7.1762
3.8149 7.1762
4.28811 7.1762
4.79312 7.1762
5.33207 7.1762
5.90725 7.1762
6.5211 7.1762
7.1762 7.1762
7.87533 7.1762
8.62146 7.1762
9.41775 7.1762
10.2676 7.1762
11.1745 7.1762
12.1424 7.1762
13.1753 7.1762
14.2777 7.1762
15.4541 7.1762
16.7097 7.1762
18.0496 7.1762
19.4796 7.1762
21.0058 7.1762
22.6345 7.1762
24.3727 7.1762
26.2277 7.1762
28.2074 7.1762
30.3202 7.1762
32.5749 7.1762
34.9813 7.1762
37.5494 7.1762
40.2901 7.1762
43.215 7.1762
46.3365 7.1762
49.6679 7.1762
53.2231 7.1762
57.0174 7.1762
61.0666 7.1762
65.3881 7.1762
0.21678 7.87533
0.448131 7.87533
0.695032 7.87533
0.958529 7.87533
1.23974 7.87533
1.53985 7.87533
1.86013 7.87533
2.20194 7.87533
2.56673 7.87533
2.95603 7.87533
3.3715 7.87533
3.8149 7.87533
4.28811 7.87533
4.79312 7.87533
5.33207 7.87533
5.90725 7.87533
6.5211 7.87533
7.1762 7.87533
7.87533 7.87533
8.62146 7.87533
9.41775 7.87533
10.2676 7.87533
11.1745 7.87533
12.1424 7.87533
13.1753 7.87533
14.2777 7.87533
15.4541 7.87533
16.7097 7.87533
18.0496 7.87533
19.4796 7.87533
21.0058 7.87533
22.6345 7.87533
24.3727 7.87533
26.2277 7.87533
28.2074 7.87533
30.3202 7.87533
32.5749 7.87533
34.9813 7.87533
37.5494 7.87533
40.2901 7.87533
43.215 7.87533
46.3365 7.87533
49.6679 7.87533
53.2231 7.87533
57.0174 7.87533
61.0666 7.87533
65.3881 7.87533
0.21678 8.62146
0.448131 8.62146
0.695032 8.62146
0.958529 8.62146
1.23974 8.62146
1.53985 8.62146
1.86013 8.62146
2.20194 8.62146
2.56673 8.62146
2.95603 8.62146
3.3715 8.62146
3.8149 8.62146
4.28811 8.62146
4.79312 8.62146
5.33207 8.62146
5.90725 8.62146
6.5211 8.62146
7.1762 8.62146
7.87533 8.62146
8.62146 8.62146
9.41775 8.62146
10.2676 8.62146
11.1745 8.62146
12.1424 8.62146
13.1753 8.62146
14.2777 8.62146
15.4541 8.62146
16.7097 8.62146
18.0496 8.62146
19.4796 8.62146
21.0058 8.62146
22.6345 8.62146
24.3727 8.62146
26.2277 8.62146
28.2074 8.62146
30.3202 8.62146
32.5749 8.62146
34.9813 8.62146
37.5494 8.62146
40.2901 8.62146
43.215 8.62146
46.3365 8.62146
49.6679 8.62146
53.2231 8.62146
57.0174 8.62146
61.0666 8.62146
65.3881 8.62146
0.21678 9.41775
0.448131 9.41775
0.695032 9.41775
0.958529 9.41775
1.23974 9.41775
1.53985 9.41775
1.86013 9.41775
2.20194 9.41775
2.56673 9.41775
2.95603 9.41775
3.3715 9.41775
3.8149 9.41775
4.28811 9.41775
4.79312 9.41775
5.33207 9.41775
5.90725 9.41775
6.5211 9.41775
7.1762 9.41775
7.87533 9.41775
8.62146 9.41775
9.41775 9.41775
10.2676 9.41775
11.1745 9.41775
12.1424 9.41775
13.1753 9.41775
14.2777 9.41775
15.4541 9.41775
16.7097 9.41775
18.0496 9.41775
19.4796 9.41775
21.0058 9.41775
22.6345 9.41775
24.3727 9.41775
26.2277 9.41775
28.2074 9.41775
30.3202 9.41775
32.5749 9.41775
34.9813 9.41775
37.5494 9.41775
40.2901 9.41775
43.215 9.41775
46.3365 9.41775
49.6679 9.41775
53.2231 9.41775
57.0174 9.41775
61.0666 9.41775
65.3881 9.41775
0.21678 10.2676
0.448131 10.2676
0.695032 10.2676
0.958529 10.2676
1.23974 10.2676
1.53985 10.2676
1.86013 10.2676
2.20194 10.2676
2.56673 10.2676
2.95603 10.2676
3.3715 10.2676
3.8149 10.2676
4.28811 10.2676
4.79312 10.2676
5.33207 10.2676
5.90725 10.2676
6.5211 10.2676
7.1762 10.2676
7.87533 10.2676
8.62146 10.2676
9.41775 10.2676
10.2676 10.2676
11.1745 10.2676
12.1424 10.2676
13.1753 10.2676
14.2777 10.2676
15.4541 10.2676
16.7097 10.2676
18.0496 10.2676
19.4796 10.2676
21.0058 10.2676
22.6345 10.2676
24.3727 10.2676
26.2277 10.2676
28.2074 10.2676
30.3202 10.2676
32.5749 10.2676
34.9813 10.2676
37.5494 10.2676
40.2901 10.2676
43.215 10.2676
46.3365 10.2676
49.6679 10.2676
53.2231 10.2676
57.0174 10.2676
61.0666 10.2676
65.3881 10.2676
0.21678 11.1745
0.448131 11.1745
0.695032 11.1745
0.958529 11.1745
1.23974 11.1745
1.53985 11.1745
1.86013 11.1745
2.20194 11.1745
2.56673 11.1745
2.95603 11.1745
3.3715 11.1745
3.8149 11.1745
4.28811 11.1745
4.79312 11.1745
5.33207 11.1745
5.90725 11.1745
6.5211 11.1745
7.1762 11.1745
7.87533 11.1745
8.62146 11.1745
9.41775 11.1745
10.2676 11.1745
11.1745 11.1745
12.1424 11.1745
13.1753 11.1745
14.2777 11.1745
15.4541 11.1745
16.7097 11.1745
18.0496 11.1745
19.4796 11.1745
21.0058 11.1745
22.6345 11.1745
24.3727 11.1745
26.2277 11.1745
28.2074 11.1745
30.3202 11.1745
32.5749 11.1745
34.9813 11.1745
37.5494 11.1745
40.2901 11.1745
43.215 11.1745
46.3365 11.1745
49.6679 11.1745
53.2231 11.1745
57.0174 11.1745
61.0666 11.1745
65.3881 11.1745
0.21678 12.1424
0.448131 12.1424
0.695032 12.1424
0.958529 12.1424
1.23974 12.1424
1.53985 12.1424
1.86013 12.1424
2.20194 12.1424
2.56673 12.1424
2.95603 12.1424
3.3715 12.1424
3.8149 12.1424
4.28811 12.1424
4.79312 12.1424
5.33207 12.1424
5.90725 12.1424
6.5211 12.1424
7.1762 12.1424
7.87533 12.1424
8.62146 12.1424
9.41775 12.1424
10.2676 12.1424
11.1745 12.1424
12.1424 12.1424
13.1753 12.1424
14.2777 12.1424
15.4541 12.1424
16.7097 12.1424
18.0496 12.1424
19.4796 12.1424
21.0058 12.1424
22.6345 12.1424
24.3727 12.1424
26.2277 12.1424
28.2074 12.1424
30.3202 12.1424
32.5749 12.1424
34.9813 12.1424
37.5494 12.1424
40.2901 12.1424
43.215 12.1424
46.3365 12.1424
49.6679 12.1424
53.2231 12.1424
57.0174 12.1424
61.0666 12.1424
65.3881 12.1424
0.21678 13.1753
0.448131 13.1753
0.695032 13.1753
0.958529 13.1753
1.23974 13.1753
1.53985 13.1753
1.86013 13.1753
2.20194 13.1753
2.56673 13.1753
2.95603 13.1753
3.3715 13.1753
3.8149 13.1753
4.28811 13.1753
4.79312 13.1753
5.33207 13.1753
5.90725 13.1753
6.5211 13.1753
7.1762 13.1753
7.87533 13.1753
8.62146 13.1753
9.41775 13.1753
10.2676 13.1753
11.1745 13.1753
12.1424 13.1753
13.1753 13.1753
14.2777 13.1753
15.4541 13.1753
16.7097 13.1753
18.0496 13.1753
19.4796 13.1753
21.0058 13.1753
22.6345 13.1753
24.3727 13.1753
26.2277 13.1753
28.2074 13.1753
30.3202 13.1753
32.5749 13.1753
34.9813 13.1753
37.5494 13.1753
40.2901 13.1753
43.215 13.1753
46.3365 13.1753
49.6679 13.1753
53.2231 13.1753
57.0174 13.1753
61.0666 13.1753
65.3881 13.1753
0.21678 14.2777
0.448131 14.2777
0.695032 14.2777
0.958529 14.2777
1.23974 14.2777
1.53985 14.2777
1.86013 14.2777
2.20194 14.2777
2.56673 14.2777
2.95603 14.2777
3.3715 14.2777
3.8149 14.2777
4.28811 14.2777
4.79312 14.2777
5.33207 14.2777
5.90725 14.2777
6.5211 14.2777
7.1762 14.2777
7.87533 14.2777
8.62146 14.2777
9.41775 14.2777
10.2676 14.2777
11.1745 14.2777
12.1424 14.2777
13.1753 14.2777
14.2777 14.2777
15.4541 14.2777
16.7097 14.2777
18.0496 14.2777
19.4796 14.2777
21.0058 14.2777
22.6345 14.2777
24.3727 14.2777
26.2277 14.2777
28.2074 14.2777
30.3202 14.2777
32.5749 14.2777
34.9813 14.2777
37.5494 14.2777
40.2901 14.2777
43.215 14.2777
46.3365 14.2777
49.6679 14.2777
53.2231 14.2777
57.0174 14.2777
61.0666 14.2777
65.3881 14.2777
0.21678 15.4541
0.448131 15.4541
0.695032 15.4541
0.958529 15.4541
1.23974 15.4541
1.53985 15.4541
1.86013 15.4541
2.20194 15.4541
2.56673 15.4541
2.95603 15.4541
3.3715 15.4541
3.8149 15.4541
4.28811 15.4541
4.79312 15.4541
5.33207 15.4541
5.90725 15.4541
6.5211 15.4541
7.1762 15.4541
7.87533 15.4541
8.62146 15.4541
9.41775 15.4541
10.2676 15.4541
11.1745 15.4541
12.1424 15.4541
13.1753 15.4541
14.2777 15.4541
15.4541 15.4541
16.7097 15.4541
18.0496 15.4541
19.4796 15.4541
21.0058 15.4541
22.6345 15.4541
24.3727 15.4541
26.2277 15.4541
28.2074 15.4541
30.3202 15.4541
32.5749 15.4541
34.9813 15.4541
37.5494 15.4541
40.2901 15.4541
43.215 15.4541
46.3365 15.4541
49.6679 15.4541
53.2231 15.4541
57.0174 15.4541
61.0666 15.4541
65.3881 15.4541
0.21678 16.7097
0.448131 16.7097
0.695032 16.7097
0.958529 16.7097
1.23974 16.7097
1.53985 16.7097
1.86013 16.7097
2.20194 16.7097
2.56673 16.7097
2.95603 16.7097
3.3715 16.7097
3.8149 16.7097
4.28811 16.7097
4.79312 16.7097
5.33207 16.7097
5.90725 16.7097
6.5211 16.7097
7.1762 16.7097
7.87533 16.7097
8.62146 16.7097
9.41775 16.7097
10.2676 16.7097
11.1745 16.7097
12.1424 16.7097
13.1753 16.7097
14.2777 16.7097
15.4541 16.7097
16.7097 16.7097
18.0496 16.7097
19.4796 16.7097
21.0058 16.7097
22.6345 16.7097
24.3727 16.7097
26.2277 16.7097
28.2074 16.7097
30.3202 16.7097
32.5749 16.7097
34.9813 16.7097
37.5494 16.7097
40.2901 16.7097
43.215 16.7097
46.3365 16.7097
49.6679 16.7097
53.2231 16.7097
57.0174 16.7097
61.0666 16.7097
65.3881 16.7097
0.21678 18.0496
0.448131 18.0496
0.695032 18.0496
0.958529 18.0496
1.23974 18.0496
1.53985 18.0496
1.86013 18.0496
2.20194 18.0496
2.56673 18.0496
2.95603 18.0496
3.3715 18.0496
3.8149 18.0496
4.28811 18.0496
4.79312 18.0496
5.33207 18.0496
5.90725 18.0496
6.5211 18.0496
7.1762 18.0496
7.87533 18.0496
8.62146 18.0496
9.41775 18.0496
10.2676 18.0496
11.1745 18.0496
12.1424 18.0496
13.1753 18.0496
14.2777 18.0496
15.4541 18.0496
16.7097 18.0496
18.0496 18.0496
19.4796 18.0496
21.0058 18.0496
22.6345 18.0496
24.3727 18.0496
26.2277 18.0496
28.2074 18.0496
30.3202 18.0496
32.5749 18.0496
34.9813 18.0496
37.5494 18.0496
40.2901 18.0496
43.215 18.0496
46.3365 18.0496
49.6679 18.0496
53.2231 18.0496
57.0174 18.0496
61.0666 18.0496
65.3881 18.0496
0.21678 19.4796
0.448131 19.4796
0.695032 19.4796
0.958529 19.4796
1.23974 19.4796
1.53985 19.4796
1.86013 19.4796
2.20194 19.4796
2.56673 19.4796
2.95603 19.4796
3.3715 19.4796
3.8149 19.4796
4.28811 19.4796
4.79312 19.4796
5.33207 19.4796
5.90725 19.4796
6.5211 19.4796
7.1762 19.4796
7.87533 19.4796
8.62146 19.4796
9.41775 19.4796
10.2676 19.4796
11.1745 19.4796
12.1424 19.4796
13.1753 19.4796
14.2777 19.4796
15.4541 19.4796
16.7097 19.4796
18.0496 19.4796
19.4796 19.4796
21.0058 19.4796
22.6345 19.4796
24.3727 19.4796
26.2277 19.4796
28.2074 19.4796
30.3202 19.4796
32.5749 19.4796
34.9813 19.4796
37.5494 19.4796
40.2901 19.4796
43.215 19.4796
46.3365 19.4796
49.6679 19.4796
53.2231 19.4796
57.0174 19.4796
61.0666 19.4796
65.3881 19.4796
0.21678 21.0058
0.448131 21.0058
0.695032 21.0058
0.958529 21.0058
1.23974 21.0058
1.53985 21.0058
1.86013 21.0058
2.20194 21.0058
2.56673 21.0058
2.95603 21.0058
3.3715 21.0058
3.8149 21.0058
4.28811 21.0058
4.79312 21.0058
5.33207 21.0058
5.90725 21.0058
6.5211 21.0058
7.1762 21.0058
7.87533 21.0058
8.62146 21.0058
9.41775 21.0058
10.2676 21.0058
11.1745 21.0058
12.1424 21.0058
13.1753 21.0058
14.2777 21.0058
15.4541 21.0058
16.7097 21.0058
18.0496 21.0058
19.4796 21.0058
21.0058 21.0058
0.21678 22.6345
0.448131 22.6345
0.695032 22.6345
0.958529 22.6345
1.23974 22.6345
1.53985 22.6345
1.86013 22.6345
2.20194 22.6345
2.56673 22.6345
2.95603 22.6345
3.3715 22.6345
3.8149 22.6345
4.28811 22.6345
4.79312 22.6345
5.33207 22.6345
5.90725 22.6345
6.5211 22.6345
7.1762 22.6345
7.87533 22.6345
8.62146 22.6345
9.41775 22.6345
10.2676 22.6345
11.1745 22.6345
12.1424 22.6345
13.1753 22.6345
14.2777 22.6345
15.4541 22.6345
16.7097 22.6345
18.0496 22.6345
19.4796 22.6345
22.6345 22.6345
24.3727 22.6345
26.2277 22.6345
28.2074 22.6345
30.3202 22.6345
32.5749 22.6345
34.9813 22.6345
37.5494 22.6345
40.2901 22.6345
43.215 22.6345
46.3365 22.6345
49.6679 22.6345
53.2231 22.6345
57.0174 22.6345
61.0666 22.6345
65.3881 22.6345
70 22.6345
0.21678 24.3727
0.448131 24.3727
0.695032 24.3727
0.958529 24.3727
1.23974 24.3727
1.53985 24.3727
1.86013 24.3727
2.20194 24.3727
2.56673 24.3727
2.95603 24.3727
3.3715 24.3727
3.8149 24.3727
4.28811 24.3727
4.79312 24.3727
5.33207 24.3727
5.90725 24.3727
6.5211 24.3727
7.1762 24.3727
7.87533 24.3727
8.62146 24.3727
9.41775 24.3727
10.2676 24.3727
11.1745 24.3727
12.1424 24.3727
13.1753 24.3727
14.2777 24.3727
15.4541 24.3727
16.7097 24.3727
18.0496 24.3727
19.4796 24.3727
22.6345 24.3727
24.3727 24.3727
26.2277 24.3727
28.2074 24.3727
30.3202 24.3727
32.5749 24.3727
34.9813 24.3727
37.5494 24.3727
40.2901 24.3727
43.215 24.3727
46.3365 24.3727
49.6679 24.3727
53.2231 24.3727
57.0174 24.3727
61.0666 24.3727
65.3881 24.3727
70 24.3727
0.21678 26.2277
0.448131 26.2277
0.695032 26.2277
0.958529 26.2277
1.23974 26.2277
1.53985 26.2277
1.86013 26.2277
2.20194 26.2277
2.56673 26.2277
2.95603 26.2277
3.3715 26.2277
3.8149 26.2277
4.28811 26.2277
4.79312 26.2277
5.33207 26.2277
5.90725 26.2277
6.5211 26.2277
7.1762 26.2277
7.87533 26.2277
8.62146 26.2277
9.41775 26.2277
10.2676 26.2277
11.1745 26.2277
12.1424 26.2277
13.1753 26.2277
14.2777 26.2277
15.4541 26.2277
16.7097 26.2277
18.0496 26.2277
19.4796 26.2277
22.6345 26.2277
24.3727 26.2277
26.2277 26.2277
28.2074 26.2277
30.3202 26.2277
32.5749 26.2277
34.9813 26.2277
37.5494 26.2277
40.2901 26.2277
43.215 26.2277
46.3365 26.2277
49.6679 26.2277
53.2231 26.2277
57.0174 26.2277
61.0666 26.2277
65.3881 26.2277
70 26.2277
0.21678 28.2074
0.448131 28.2074
0.695032 28.2074
0.958529 28.2074
1.23974 28.2074
1.53985 28.2074
1.86013 28.2074
2.20194 28.2074
2.56673 28.2074
2.95603 28.2074
3.3715 28.2074
3.8149 28.2074
4.28811 28.2074
4.79312 28.2074
5.33207 28.2074
5.90725 28.2074
6.5211 28.2074
7.1762 28.2074
7.87533 28.2074
8.62146 28.2074
9.41775 28.2074
10.2676 28.2074
11.1745 28.2074
12.1424 28.2074
13.1753 28.2074
14.2777 28.2074
15.4541 28.2074
16.7097 28.2074
18.0496 28.2074
19.4796 28.2074
22.6345 28.2074
24.3727 28.2074
26.2277 28.2074
28.2074 28.2074
30.3202 28.2074
32.5749 28.2074
34.9813 28.2074
37.5494 28.2074
40.2901 28.2074
43.215 28.2074
46.3365 28.2074
49.6679 28.2074
53.2231 28.2074
57.0174 28.2074
61.0666 28.2074
65.3881 28.2074
70 28.2074
0.21678 30.3202
0.448131 30.3202
0.695032 30.3202
0.958529 30.3202
1.23974 30.3202
1.53985 30.3202
1.86013 30.3202
2.20194 30.3202
2.56673 30.3202
2.95603 30.3202
3.3715 30.3202
3.8149 30.3202
4.28811 30.3202
4.79312 30.3202
5.33207 30.3202
5.90725 30.3202
6.5211 30.3202
7.1762 30.3202
7.87533 30.3202
8.62146 30.3202
9.41775 30.3202
10.2676 30.3202
11.1745 30.3202
12.1424 30.3202
13.1753 30.3202
14.2777 30.3202
15.4541 30.3202
16.7097 30.3202
18.0496 30.3202
19.4796 30.3202
22.6345 30.3202
24.3727 30.3202
26.2277 30.3202
28.2074 30.3202
30.3202 30.3202
32.5749 30.3202
34.9813 30.3202
37.5494 30.3202
40.2901 30.3202
43.215 30.3202
46.3365 30.3202
49.6679 30.3202
53.2231 30.3202
57.0174 30.3202
61.0666 30.3202
65.3881 30.3202
70 30.3202
0.21678 32.5749
0.448131 32.5749
0.695032 32.5749
0.958529 32.5749
1.23974 32.5749
1.53985 32.5749
1.86013 32.5749
2.20194 32.5749
2.56673 32.5749
2.95603 32.5749
3.3715 32.5749
3.8149 32.5749
4.28811 32.5749
4.79312 32.5749
5.33207 32.5749
5.90725 32.5749
6.5211 32.5749
7.1762 32.5749
7.87533 32.5749
8.62146 32.5749
9.41775 32.5749
10.2676 32.5749
11.1745 32.5749
12.1424 32.5749
13.1753 32.5749
14.2777 32.5749
15.4541 32.5749
16.7097 32.5749
18.0496 32.5749
19.4796 32.5749
22.6345 32.5749
24.3727 32.5749
26.2277 32.5749
28.2074 32.5749
30.3202 32.5749
32.5749 32.5749
34.9813 32.5749
37.5494 32.5749
40.2901 32.5749
43.215 32.5749
46.3365 32.5749
49.6679 32.5749
53.2231 32.5749
57.0174 32.5749
61.0666 32.5749
65.3881 32.5749
70 32.5749
0.21678 34.9813
0.448131 34.9813
0.695032 34.9813
0.958529 34.9813
1.23974 34.9813
1.53985 34.9813
1.86013 34.9813
2.20194 34.9813
2.56673 34.9813
2.95603 34.9813
3.3715 34.9813
3.8149 34.9813
4.28811 34.9813
4.79312 34.9813
5.33207 34.9813
5.90725 34.9813
6.5211 34.9813
7.1762 34.9813
7.87533 34.9813
8.62146 34.9813
9.41775 34.9813
10.2676 34.9813
11.1745 34.9813
12.1424 34.9813
13.1753 34.9813
14.2777 34.9813
15.4541 34.9813
16.7097 34.9813
18.0496 34.9813
19.4796 34.9813
22.6345 34.9813
24.3727 34.9813
26.2277 34.9813
28.2074 34.9813
30.3202 34.9813
32.5749 34.9813
34.9813 34.9813
37.5494 34.9813
40.2901 34.9813
43.215 34.9813
46.3365 34.9813
49.6679 34.9813
53.2231 34.9813
57.0174 34.9813
61.0666 34.9813
65.3881 34.9813
70 34.9813
0.21678 37.5494
0.448131 37.5494
0.695032 37.5494
0.958529 37.5494
1.23974 37.5494
1.53985 37.5494
1.86013 37.5494
2.20194 37.5494
2.56673 37.5494
2.95603 37.5494
3.3715 37.5494
3.8149 37.5494
4.28811 37.5494
4.79312 37.5494
5.33207 37.5494
5.90725 37.5494
6.5211 37.5494
7.1762 37.5494
7.87533 37.5494
8.62146 37.5494
9.41775 37.5494
10.2676 37.5494
11.1745 37.5494
12.1424 37.5494
13.1753 37.5494
14.2777 37.5494
15.4541 37.5494
16.7097 37.5494
18.0496 37.5494
19.4796 37.5494
22.6345 37.5494
24.3727 37.5494
26.2277 37.5494
28.2074 37.5494
30.3202 37.5494
32.5749 37.5494
34.9813 37.5494
37.5494 37.5494
40.2901 37.5494
43.215 37.5494
46.3365 37.5494
49.6679 37.5494
53.2231 37.5494
57.0174 37.5494
61.0666 37.5494
65.3881 37.5494
70 37.5494
0.21678 40.2901
0.448131 40.2901
0.695032 40.2901
0.958529 40.2901
1.23974 40.2901
1.53985 40.2901
1.86013 40.2901
2.20194 40.2901
2.56673 40.2901
2.95603 40.2901
3.3715 40.2901
3.8149 40.2901
4.28811 40.2901
4.79312 40.2901
5.33207 40.2901
5.90725 40.2901
6.5211 40.2901
7.1762 40.2901
7.87533 40.2901
8.62146 40.2901
9.41775 40.2901
10.2676 40.2901
11.1745 40.2901
12.1424 40.2901
13.1753 40.2901
14.2777 40.2901
15.4541 40.2901
16.7097 40.2901
18.0496 40.2901
19.4796 40.2901
22.6345 40.2901
24.3727 40.2901
26.2277 40.2901
28.2074 40.2901
30.3202 40.2901
32.5749 40.2901
34.9813 40.2901
37.5494 40.2901
40.2901 40.2901
43.215 40.2901
46.3365 40.2901
49.6679 40.2901
53.2231 40.2901
57.0174 40.2901
61.0666 40.2901
65.3881 40.2901
70 40.2901
0.21678 43.215
0.448131 43.215
0.695032 43.215
0.958529 43.215
1.23974 43.215
1.53985 43.215
1.86013 43.215
2.20194 43.215
2.56673 43.215
2.95603 43.215
3.3715 43.215
3.8149 43.215
4.28811 43.215
4.79312 43.215
5.33207 43.215
5.90725 43.215
6.5211 43.215
7.1762 43.215
7.87533 43.215
8.62146 43.215
9.41775 43.215
10.2676 43.215
11.1745 43.215
12.1424 43.215
13.1753 43.215
14.2777 43.215
15.4541 43.215
16.7097 43.215
18.0496 43.215
19.4796 43.215
22.6345 43.215
24.3727 43.215
26.2277 43.215
28.2074 43.215
30.3202 43.215
32.5749 43.215
34.9813 43.215
37.5494 43.215
40.2901 43.215
43.215 43.215
46.3365 43.215
49.6679 43.215
53.2231 43.215
57.0174 43.215
61.0666 43.215
65.3881 43.215
70 43.215
0.21678 46.3365
0.448131 46.3365
0.695032 46.3365
0.958529 46.3365
1.23974 46.3365
1.53985 46.3365
1.86013 46.3365
2.20194 46.3365
2.56673 46.3365
2.95603 46.3365
3.3715 46.3365
3.8149 46.3365
4.28811 46.3365
4.79312 46.3365
5.33207 46.3365
5.90725 46.3365
6.5211 46.3365
7.1762 46.3365
7.87533 46.3365
8.62146 46.3365
9.41775 46.3365
10.2676 46.3365
11.1745 46.3365
12.1424 46.3365
13.1753 46.3365
14.2777 46.3365
15.4541 46.3365
16.7097 46.3365
18.0496 46.3365
19.4796 46.3365
22.6345 46.3365
24.3727 46.3365
26.2277 46.3365
28.2074 46.3365
30.3202 46.3365
32.5749 46.3365
34.9813 46.3365
37.5494 46.3365
40.2901 46.3365
43.215 46.3365
46.3365 46.3365
49.6679 46.3365
53.2231 46.3365
57.0174 46.3365
61.0666 46.3365
65.3881 46.3365
70 46.3365
0.21678 49.6679
0.448131 49.6679
0.695032 49.6679
0.958529 49.6679
1.23974 49.6679
1.53985 49.6679
1.86013 49.6679
2.20194 49.6679
2.56673 49.6679
2.95603 49.6679
3.3715 49.6679
3.8149 49.6679
4.28811 49.6679
4.79312 49.6679
5.33207 49.6679
5.90725 49.6679
6.5211 49.6679
7.1762 49.6679
7.87533 49.6679
8.62146 49.6679
9.41775 49.6679
10.2676 49.6679
11.1745 49.6679
12.1424 49.6679
13.1753 49.6679
14.2777 49.6679
15.4541 49.6679
16.7097 49.6679
18.0496 49.6679
19.4796 49.6679
22.6345 49.6679
24.3727 49.6679
26.2277 49.6679
28.2074 49.6679
30.3202 49.6679
32.5749 49.6679
34.9813 49.6679
37.5494 49.6679
40.2901 49.6679
43.215 49.6679
46.3365 49.6679
49.6679 49.6679
53.2231 49.6679
57.0174 49.6679
61.0666 49.6679
65.3881 49.6679
70 49.6679
0.21678 53.2231
0.448131 53.2231
0.695032 53.2231
0.958529 53.2231
1.23974 53.2231
1.53985 53.2231
1.86013 53.2231
2.20194 53.2231
2.56673 53.2231
2.95603 53.2231
3.3715 53.2231
3.8149 53.2231
4.28811 53.2231
4.79312 53.2231
5.33207 53.2231
5.90725 53.2231
6.5211 53.2231
7.1762 53.2231
7.87533 53.2231
8.62146 53.2231
9.41775 53.2231
10.2676 53.2231
11.1745 53.2231
12.1424 53.2231
13.1753 53.2231
14.2777 53.2231
15.4541 53.2231
16.7097 53.2231
18.0496 53.2231
19.4796 53.2231
22.6345 53.2231
24.3727 53.2231
26.2277 53.2231
28.2074 53.2231
30.3202 53.2231
32.5749 53.2231
34.9813 53.2231
37.5494 53.2231
40.2901 53.2231
43.215 53.2231
46.3365 53.2231
49.6679 53.2231
53.2231 53.2231
57.0174 53.2231
61.0666 53.2231
65.3881 53.2231
70 53.2231
0.21678 57.0174
0.448131 57.0174
0.695032 57.0174
0.958529 57.0174
1.23974 57.0174
1.53985 57.0174
1.86013 57.0174
2.20194 57.0174
2.56673 57.0174
2.95603 57.0174
3.3715 57.0174
3.8149 57.0174
4.28811 57.0174
4.79312 57.0174
5.33207 57.0174
5.90725 57.0174
6.5211 57.0174
7.1762 57.0174
7.87533 57.0174
8.62146 57.0174
9.41775 57.0174
10.2676 57.0174
11.1745 57.0174
12.1424 57.0174
13.1753 57.0174
14.2777 57.0174
15.4541 57.0174
16.7097 57.0174
18.0496 57.0174
19.4796 57.0174
22.6345 57.0174
24.3727 57.0174
26.2277 57.0174
28.2074 57.0174
30.3202 57.0174
32.5749 57.0174
34.9813 57.0174
37.5494 57.0174
40.2901 57.0174
43.215 57.0174
46.3365 57.0174
49.6679 57.0174
53.2231 57.0174
57.0174 57.0174
61.0666 57.0174
65.3881 57.0174
70 57.0174
0.21678 61.0666
0.448131 61.0666
0.695032 61.0666
0.958529 61.0666
1.23974 61.0666
1.53985 61.0666
1.86013 61.0666
2.20194 61.0666
2.56673 61.0666
2.95603 61.0666
3.3715 61.0666
3.8149 61.0666
4.28811 61.0666
4.79312 61.0666
5.33207 61.0666
5.90725 61.0666
6.5211 61.0666
7.1762 61.0666
7.87533 61.0666
8.62146 61.0666
9.41775 61.0666
10.2676 61.0666
11.1745 61.0666
12.1424 61.0666
13.1753 61.0666
14.2777 61.0666
15.4541 61.0666
16.7097 61.0666
18.0496 61.0666
19.4796 61.0666
22.6345 61.0666
24.3727 61.0666
26.2277 61.0666
28.2074 61.0666
30.3202 61.0666
32.5749 61.0666
34.9813 61.0666
37.5494 61.0666
40.2901 61.0666
43.215 61.0666
46.3365 61.0666
49.6679 61.0666
53.2231 61.0666
57.0174 61.0666
61.0666 61.0666
65.3881 61.0666
70 61.0666
0.21678 65.3881
0.448131 65.3881
0.695032 65.3881
0.958529 65.3881
1.23974 65.3881
1.53985 65.3881
1.86013 65.3881
2.20194 65.3881
2.56673 65.3881
2.95603 65.3881
3.3715 65.3881
3.8149 65.3881
4.28811 65.3881
4.79312 65.3881
5.33207 65.3881
5.90725 65.3881
6.5211 65.3881
7.1762 65.3881
7.87533 65.3881
8.62146 65.3881
9.41775 65.3881
10.2676 65.3881
11.1745 65.3881
12.1424 65.3881
13.1753 65.3881
14.2777 65.3881
15.4541 65.3881
16.7097 65.3881
18.0496 65.3881
19.4796 65.3881
22.6345 65.3881
24.3727 65.3881
26.2277 65.3881
28.2074 65.3881
30.3202 65.3881
32.5749 65.3881
34.9813 65.3881
37.5494 65.3881
40.2901 65.3881
43.215 65.3881
46.3365 65.3881
49.6679 65.3881
53.2231 65.3881
57.0174 65.3881
61.0666 65.3881
65.3881 65.3881
70 65.3881
22.6345 70
24.3727 70
26.2277 70
28.2074 70
30.3202 70
32.5749 70
34.9813 70
37.5494 70
40.2901 70
43.215 70
46.3365 70
49.6679 70
53.2231 70
57.0174 70
61.0666 70
65.3881 70
70 70
