23.2982 9.16526
47.8263 9.16526
74.8071 9.16526
104.486 9.16526
137.133 9.16526
173.044 9.16526
212.547 9.16526
23.2982 18.1471
47.8263 18.1471
74.8071 18.1471
104.486 18.1471
137.133 18.1471
173.044 18.1471
212.547 18.1471
23.2982 28.027
47.8263 28.027
74.8071 28.027
104.486 28.027
23.2982 38.895
47.8263 38.895
74.8071 38.895
137.133 38.895
173.044 38.895
212.547 38.895
256 38.895
23.2982 50.8498
47.8263 50.8498
74.8071 50.8498
137.133 50.8498
173.044 50.8498
212.547 50.8498
256 50.8498
137.133 64
173.044 64
212.547 64
256 64
