1.40817 1.32369
1.87906 1.32369
2.42233 1.32369
3.04909 1.32369
3.77218 1.32369
4.6064 1.32369
5.56883 1.32369
6.67918 1.32369
7.96018 1.32369
9.43805 1.32369
11.1431 1.32369
13.1101 1.32369
15.3795 1.32369
17.9976 1.32369
21.0181 1.32369
24.5029 1.32369
28.5232 1.32369
33.1614 1.32369
38.5124 1.32369
44.6859 1.32369
51.8081 1.32369
60.025 1.32369
69.5047 1.32369
80.4413 1.32369
93.0588 1.32369
107.615 1.32369
124.409 1.32369
143.784 1.32369
166.137 1.32369
191.925 1.32369
221.676 1.32369
1.40817 1.69713
1.87906 1.69713
2.42233 1.69713
3.04909 1.69713
3.77218 1.69713
4.6064 1.69713
5.56883 1.69713
6.67918 1.69713
7.96018 1.69713
9.43805 1.69713
11.1431 1.69713
13.1101 1.69713
15.3795 1.69713
17.9976 1.69713
21.0181 1.69713
24.5029 1.69713
28.5232 1.69713
33.1614 1.69713
38.5124 1.69713
44.6859 1.69713
51.8081 1.69713
60.025 1.69713
69.5047 1.69713
80.4413 1.69713
93.0588 1.69713
107.615 1.69713
124.409 1.69713
143.784 1.69713
166.137 1.69713
191.925 1.69713
221.676 1.69713
1.40817 2.12796
1.87906 2.12796
2.42233 2.12796
3.04909 2.12796
3.77218 2.12796
4.6064 2.12796
5.56883 2.12796
6.67918 2.12796
7.96018 2.12796
9.43805 2.12796
11.1431 2.12796
13.1101 2.12796
15.3795 2.12796
17.9976 2.12796
21.0181 2.12796
24.5029 2.12796
28.5232 2.12796
33.1614 2.12796
38.5124 2.12796
44.6859 2.12796
51.8081 2.12796
60.025 2.12796
69.5047 2.12796
80.4413 2.12796
93.0588 2.12796
107.615 2.12796
124.409 2.12796
143.784 2.12796
166.137 2.12796
191.925 2.12796
221.676 2.12796
1.40817 2.62501
1.87906 2.62501
2.42233 2.62501
3.04909 2.62501
3.77218 2.62501
4.6064 2.62501
5.56883 2.62501
6.67918 2.62501
7.96018 2.62501
9.43805 2.62501
11.1431 2.62501
13.1101 2.62501
15.3795 2.62501
17.9976 2.62501
21.0181 2.62501
24.5029 2.62501
28.5232 2.62501
33.1614 2.62501
38.5124 2.62501
44.6859 2.62501
51.8081 2.62501
60.025 2.62501
69.5047 2.62501
80.4413 2.62501
93.0588 2.62501
107.615 2.62501
124.409 2.62501
143.784 2.62501
166.137 2.62501
191.925 2.62501
221.676 2.62501
1.40817 3.19845
1.87906 3.19845
2.42233 3.19845
3.04909 3.19845
3.77218 3.19845
4.6064 3.19845
5.56883 3.19845
6.67918 3.19845
7.96018 3.19845
9.43805 3.19845
11.1431 3.19845
13.1101 3.19845
15.3795 3.19845
17.9976 3.19845
21.0181 3.19845
24.5029 3.19845
28.5232 3.19845
33.1614 3.19845
38.5124 3.19845
44.6859 3.19845
51.8081 3.19845
60.025 3.19845
69.5047 3.19845
80.4413 3.19845
93.0588 3.19845
107.615 3.19845
124.409 3.19845
143.784 3.19845
166.137 3.19845
191.925 3.19845
221.676 3.19845
1.40817 3.86001
1.87906 3.86001
2.42233 3.86001
3.04909 3.86001
3.77218 3.86001
4.6064 3.86001
5.56883 3.86001
6.67918 3.86001
7.96018 3.86001
9.43805 3.86001
11.1431 3.86001
13.1101 3.86001
15.3795 3.86001
17.9976 3.86001
21.0181 3.86001
24.5029 3.86001
28.5232 3.86001
33.1614 3.86001
38.5124 3.86001
44.6859 3.86001
51.8081 3.86001
60.025 3.86001
69.5047 3.86001
80.4413 3.86001
93.0588 3.86001
107.615 3.86001
124.409 3.86001
143.784 3.86001
166.137 3.86001
191.925 3.86001
221.676 3.86001
1.40817 4.62326
1.87906 4.62326
2.42233 4.62326
3.04909 4.62326
3.77218 4.62326
4.6064 4.62326
5.56883 4.62326
6.67918 4.62326
7.96018 4.62326
9.43805 4.62326
11.1431 4.62326
13.1101 4.62326
15.3795 4.62326
17.9976 4.62326
21.0181 4.62326
24.5029 4.62326
28.5232 4.62326
33.1614 4.62326
38.5124 4.62326
44.6859 4.62326
51.8081 4.62326
60.025 4.62326
69.5047 4.62326
80.4413 4.62326
93.0588 4.62326
107.615 4.62326
124.409 4.62326
143.784 4.62326
166.137 4.62326
191.925 4.62326
221.676 4.62326
1.40817 5.50381
1.87906 5.50381
2.42233 5.50381
3.04909 5.50381
3.77218 5.50381
4.6064 5.50381
5.56883 5.50381
6.67918 5.50381
7.96018 5.50381
9.43805 5.50381
11.1431 5.50381
13.1101 5.50381
15.3795 5.50381
17.9976 5.50381
21.0181 5.50381
24.5029 5.50381
28.5232 5.50381
33.1614 5.50381
38.5124 5.50381
44.6859 5.50381
51.8081 5.50381
60.025 5.50381
69.5047 5.50381
80.4413 5.50381
93.0588 5.50381
107.615 5.50381
124.409 5.50381
143.784 5.50381
166.137 5.50381
191.925 5.50381
221.676 5.50381
1.40817 6.51969
1.87906 6.51969
2.42233 6.51969
3.04909 6.51969
3.77218 6.51969
4.6064 6.51969
5.56883 6.51969
6.67918 6.51969
7.96018 6.51969
9.43805 6.51969
11.1431 6.51969
13.1101 6.51969
15.3795 6.51969
17.9976 6.51969
21.0181 6.51969
24.5029 6.51969
28.5232 6.51969
33.1614 6.51969
38.5124 6.51969
44.6859 6.51969
51.8081 6.51969
60.025 6.51969
69.5047 6.51969
80.4413 6.51969
93.0588 6.51969
107.615 6.51969
124.409 6.51969
143.784 6.51969
166.137 6.51969
191.925 6.51969
221.676 6.51969
1.40817 7.6917
1.87906 7.6917
2.42233 7.6917
3.04909 7.6917
3.77218 7.6917
4.6064 7.6917
5.56883 7.6917
6.67918 7.6917
7.96018 7.6917
9.43805 7.6917
11.1431 7.6917
13.1101 7.6917
15.3795 7.6917
17.9976 7.6917
21.0181 7.6917
24.5029 7.6917
28.5232 7.6917
33.1614 7.6917
38.5124 7.6917
44.6859 7.6917
51.8081 7.6917
60.025 7.6917
69.5047 7.6917
80.4413 7.6917
93.0588 7.6917
107.615 7.6917
124.409 7.6917
143.784 7.6917
166.137 7.6917
191.925 7.6917
221.676 7.6917
1.40817 9.04383
1.87906 9.04383
2.42233 9.04383
3.04909 9.04383
3.77218 9.04383
4.6064 9.04383
5.56883 9.04383
6.67918 9.04383
7.96018 9.04383
9.43805 9.04383
11.1431 9.04383
13.1101 9.04383
15.3795 9.04383
17.9976 9.04383
21.0181 9.04383
24.5029 9.04383
28.5232 9.04383
33.1614 9.04383
38.5124 9.04383
44.6859 9.04383
51.8081 9.04383
60.025 9.04383
69.5047 9.04383
80.4413 9.04383
93.0588 9.04383
107.615 9.04383
124.409 9.04383
143.784 9.04383
166.137 9.04383
191.925 9.04383
221.676 9.04383
1.40817 10.6038
1.87906 10.6038
2.42233 10.6038
3.04909 10.6038
3.77218 10.6038
4.6064 10.6038
5.56883 10.6038
6.67918 10.6038
7.96018 10.6038
9.43805 10.6038
11.1431 10.6038
13.1101 10.6038
15.3795 10.6038
17.9976 10.6038
21.0181 10.6038
24.5029 10.6038
28.5232 10.6038
33.1614 10.6038
38.5124 10.6038
44.6859 10.6038
51.8081 10.6038
60.025 10.6038
69.5047 10.6038
80.4413 10.6038
93.0588 10.6038
107.615 10.6038
124.409 10.6038
143.784 10.6038
166.137 10.6038
191.925 10.6038
221.676 10.6038
1.40817 12.4035
1.87906 12.4035
2.42233 12.4035
3.04909 12.4035
3.77218 12.4035
4.6064 12.4035
5.56883 12.4035
6.67918 12.4035
7.96018 12.4035
9.43805 12.4035
11.1431 12.4035
13.1101 12.4035
15.3795 12.4035
17.9976 12.4035
21.0181 12.4035
24.5029 12.4035
28.5232 12.4035
33.1614 12.4035
38.5124 12.4035
44.6859 12.4035
51.8081 12.4035
60.025 12.4035
69.5047 12.4035
80.4413 12.4035
93.0588 12.4035
107.615 12.4035
124.409 12.4035
143.784 12.4035
166.137 12.4035
191.925 12.4035
221.676 12.4035
1.40817 14.4798
1.87906 14.4798
2.42233 14.4798
3.04909 14.4798
3.77218 14.4798
4.6064 14.4798
5.56883 14.4798
6.67918 14.4798
7.96018 14.4798
9.43805 14.4798
11.1431 14.4798
13.1101 14.4798
15.3795 14.4798
17.9976 14.4798
21.0181 14.4798
24.5029 14.4798
28.5232 14.4798
33.1614 14.4798
38.5124 14.4798
44.6859 14.4798
51.8081 14.4798
60.025 14.4798
69.5047 14.4798
80.4413 14.4798
93.0588 14.4798
107.615 14.4798
124.409 14.4798
143.784 14.4798
166.137 14.4798
191.925 14.4798
221.676 14.4798
1.40817 16.8752
1.87906 16.8752
2.42233 16.8752
3.04909 16.8752
3.77218 16.8752
4.6064 16.8752
5.56883 16.8752
6.67918 16.8752
7.96018 16.8752
9.43805 16.8752
11.1431 16.8752
13.1101 16.8752
15.3795 16.8752
17.9976 16.8752
21.0181 16.8752
24.5029 16.8752
28.5232 16.8752
33.1614 16.8752
38.5124 16.8752
1.40817 19.6387
1.87906 19.6387
2.42233 19.6387
3.04909 19.6387
3.77218 19.6387
4.6064 19.6387
5.56883 19.6387
6.67918 19.6387
7.96018 19.6387
9.43805 19.6387
11.1431 19.6387
13.1101 19.6387
15.3795 19.6387
17.9976 19.6387
21.0181 19.6387
24.5029 19.6387
28.5232 19.6387
33.1614 19.6387
44.6859 19.6387
51.8081 19.6387
60.025 19.6387
69.5047 19.6387
80.4413 19.6387
93.0588 19.6387
107.615 19.6387
124.409 19.6387
143.784 19.6387
166.137 19.6387
191.925 19.6387
221.676 19.6387
256 19.6387
1.40817 22.827
1.87906 22.827
2.42233 22.827
3.04909 22.827
3.77218 22.827
4.6064 22.827
5.56883 22.827
6.67918 22.827
7.96018 22.827
9.43805 22.827
11.1431 22.827
13.1101 22.827
15.3795 22.827
17.9976 22.827
21.0181 22.827
24.5029 22.827
28.5232 22.827
33.1614 22.827
44.6859 22.827
51.8081 22.827
60.025 22.827
69.5047 22.827
80.4413 22.827
93.0588 22.827
107.615 22.827
124.409 22.827
143.784 22.827
166.137 22.827
191.925 22.827
221.676 22.827
256 22.827
1.40817 26.5052
1.87906 26.5052
2.42233 26.5052
3.04909 26.5052
3.77218 26.5052
4.6064 26.5052
5.56883 26.5052
6.67918 26.5052
7.96018 26.5052
9.43805 26.5052
11.1431 26.5052
13.1101 26.5052
15.3795 26.5052
17.9976 26.5052
21.0181 26.5052
24.5029 26.5052
28.5232 26.5052
33.1614 26.5052
44.6859 26.5052
51.8081 26.5052
60.025 26.5052
69.5047 26.5052
80.4413 26.5052
93.0588 26.5052
107.615 26.5052
124.409 26.5052
143.784 26.5052
166.137 26.5052
191.925 26.5052
221.676 26.5052
256 26.5052
1.40817 30.7488
1.87906 30.7488
2.42233 30.7488
3.04909 30.7488
3.77218 30.7488
4.6064 30.7488
5.56883 30.7488
6.67918 30.7488
7.96018 30.7488
9.43805 30.7488
11.1431 30.7488
13.1101 30.7488
15.3795 30.7488
17.9976 30.7488
21.0181 30.7488
24.5029 30.7488
28.5232 30.7488
33.1614 30.7488
44.6859 30.7488
51.8081 30.7488
60.025 30.7488
69.5047 30.7488
80.4413 30.7488
93.0588 30.7488
107.615 30.7488
124.409 30.7488
143.784 30.7488
166.137 30.7488
191.925 30.7488
221.676 30.7488
256 30.7488
1.40817 35.6446
1.87906 35.6446
2.42233 35.6446
3.04909 35.6446
3.77218 35.6446
4.6064 35.6446
5.56883 35.6446
6.67918 35.6446
7.96018 35.6446
9.43805 35.6446
11.1431 35.6446
13.1101 35.6446
15.3795 35.6446
17.9976 35.6446
21.0181 35.6446
24.5029 35.6446
28.5232 35.6446
33.1614 35.6446
44.6859 35.6446
51.8081 35.6446
60.025 35.6446
69.5047 35.6446
80.4413 35.6446
93.0588 35.6446
107.615 35.6446
124.409 35.6446
143.784 35.6446
166.137 35.6446
191.925 35.6446
221.676 35.6446
256 35.6446
1.40817 41.2928
1.87906 41.2928
2.42233 41.2928
3.04909 41.2928
3.77218 41.2928
4.6064 41.2928
5.56883 41.2928
6.67918 41.2928
7.96018 41.2928
9.43805 41.2928
11.1431 41.2928
13.1101 41.2928
15.3795 41.2928
17.9976 41.2928
21.0181 41.2928
24.5029 41.2928
28.5232 41.2928
33.1614 41.2928
44.6859 41.2928
51.8081 41.2928
60.025 41.2928
69.5047 41.2928
80.4413 41.2928
93.0588 41.2928
107.615 41.2928
124.409 41.2928
143.784 41.2928
166.137 41.2928
191.925 41.2928
221.676 41.2928
256 41.2928
1.40817 47.8091
1.87906 47.8091
2.42233 47.8091
3.04909 47.8091
3.77218 47.8091
4.6064 47.8091
5.56883 47.8091
6.67918 47.8091
7.96018 47.8091
9.43805 47.8091
11.1431 47.8091
13.1101 47.8091
15.3795 47.8091
17.9976 47.8091
21.0181 47.8091
24.5029 47.8091
28.5232 47.8091
33.1614 47.8091
44.6859 47.8091
51.8081 47.8091
60.025 47.8091
69.5047 47.8091
80.4413 47.8091
93.0588 47.8091
107.615 47.8091
124.409 47.8091
143.784 47.8091
166.137 47.8091
191.925 47.8091
221.676 47.8091
256 47.8091
1.40817 55.3268
1.87906 55.3268
2.42233 55.3268
3.04909 55.3268
3.77218 55.3268
4.6064 55.3268
5.56883 55.3268
6.67918 55.3268
7.96018 55.3268
9.43805 55.3268
11.1431 55.3268
13.1101 55.3268
15.3795 55.3268
17.9976 55.3268
21.0181 55.3268
24.5029 55.3268
28.5232 55.3268
33.1614 55.3268
44.6859 55.3268
51.8081 55.3268
60.025 55.3268
69.5047 55.3268
80.4413 55.3268
93.0588 55.3268
107.615 55.3268
124.409 55.3268
143.784 55.3268
166.137 55.3268
191.925 55.3268
221.676 55.3268
256 55.3268
44.6859 64
51.8081 64
60.025 64
69.5047 64
80.4413 64
93.0588 64
107.615 64
124.409 64
143.784 64
166.137 64
191.925 64
221.676 64
256 64
