3.66235 2.49496
6.8838 2.49496
10.7818 2.49496
15.4983 2.49496
21.2053 2.49496
28.1107 2.49496
36.4663 2.49496
46.5766 2.49496
58.8101 2.49496
73.6125 2.49496
91.5235 2.49496
113.196 2.49496
139.419 2.49496
171.15 2.49496
209.544 2.49496
3.66235 4.30386
6.8838 4.30386
10.7818 4.30386
15.4983 4.30386
21.2053 4.30386
28.1107 4.30386
36.4663 4.30386
46.5766 4.30386
58.8101 4.30386
73.6125 4.30386
91.5235 4.30386
113.196 4.30386
139.419 4.30386
171.15 4.30386
209.544 4.30386
3.66235 6.49263
6.8838 6.49263
10.7818 6.49263
15.4983 6.49263
21.2053 6.49263
28.1107 6.49263
36.4663 6.49263
46.5766 6.49263
58.8101 6.49263
73.6125 6.49263
91.5235 6.49263
113.196 6.49263
139.419 6.49263
171.15 6.49263
209.544 6.49263
3.66235 9.14105
6.8838 9.14105
10.7818 9.14105
15.4983 9.14105
21.2053 9.14105
28.1107 9.14105
36.4663 9.14105
46.5766 9.14105
58.8101 9.14105
73.6125 9.14105
91.5235 9.14105
113.196 9.14105
139.419 9.14105
171.15 9.14105
209.544 9.14105
3.66235 12.3456
6.8838 12.3456
10.7818 12.3456
15.4983 12.3456
21.2053 12.3456
28.1107 12.3456
36.4663 12.3456
46.5766 12.3456
58.8101 12.3456
73.6125 12.3456
91.5235 12.3456
113.196 12.3456
139.419 12.3456
171.15 12.3456
209.544 12.3456
3.66235 16.2232
6.8838 16.2232
10.7818 16.2232
15.4983 16.2232
21.2053 16.2232
28.1107 16.2232
36.4663 16.2232
46.5766 16.2232
58.8101 16.2232
73.6125 16.2232
91.5235 16.2232
113.196 16.2232
139.419 16.2232
171.15 16.2232
209.544 16.2232
3.66235 20.915
6.8838 20.915
10.7818 20.915
15.4983 20.915
21.2053 20.915
28.1107 20.915
36.4663 20.915
46.5766 20.915
58.8101 20.915
3.66235 26.5921
6.8838 26.5921
10.7818 26.5921
15.4983 26.5921
21.2053 26.5921
28.1107 26.5921
36.4663 26.5921
46.5766 26.5921
73.6125 26.5921
91.5235 26.5921
113.196 26.5921
139.419 26.5921
171.15 26.5921
209.544 26.5921
256 26.5921
3.66235 33.4614
6.8838 33.4614
10.7818 33.4614
15.4983 33.4614
21.2053 33.4614
28.1107 33.4614
36.4663 33.4614
46.5766 33.4614
73.6125 33.4614
91.5235 33.4614
113.196 33.4614
139.419 33.4614
171.15 33.4614
209.544 33.4614
256 33.4614
3.66235 41.7733
6.8838 41.7733
10.7818 41.7733
15.4983 41.7733
21.2053 41.7733
28.1107 41.7733
36.4663 41.7733
46.5766 41.7733
73.6125 41.7733
91.5235 41.7733
113.196 41.7733
139.419 41.7733
171.15 41.7733
209.544 41.7733
256 41.7733
3.66235 51.8306
6.8838 51.8306
10.7818 51.8306
15.4983 51.8306
21.2053 51.8306
28.1107 51.8306
36.4663 51.8306
46.5766 51.8306
73.6125 51.8306
91.5235 51.8306
113.196 51.8306
139.419 51.8306
171.15 51.8306
209.544 51.8306
256 51.8306
73.6125 64
91.5235 64
113.196 64
139.419 64
171.15 64
209.544 64
256 64
