5.83333 5.83333
11.6667 5.83333
17.5 5.83333
23.3333 5.83333
29.1667 5.83333
35 5.83333
40.8333 5.83333
46.6667 5.83333
52.5 5.83333
58.3333 5.83333
64.1667 5.83333
5.83333 11.6667
11.6667 11.6667
17.5 11.6667
23.3333 11.6667
29.1667 11.6667
35 11.6667
40.8333 11.6667
46.6667 11.6667
52.5 11.6667
58.3333 11.6667
64.1667 11.6667
5.83333 17.5
11.6667 17.5
17.5 17.5
23.3333 17.5
29.1667 17.5
35 17.5
40.8333 17.5
46.6667 17.5
52.5 17.5
58.3333 17.5
64.1667 17.5
5.83333 23.3333
11.6667 23.3333
17.5 23.3333
23.3333 23.3333
29.1667 23.3333
35 23.3333
40.8333 23.3333
46.6667 23.3333
52.5 23.3333
58.3333 23.3333
64.1667 23.3333
5.83333 29.1667
11.6667 29.1667
17.5 29.1667
23.3333 29.1667
29.1667 29.1667
35 29.1667
40.8333 29.1667
46.6667 29.1667
52.5 29.1667
58.3333 29.1667
64.1667 29.1667
5.83333 35
11.6667 35
17.5 35
23.3333 35
29.1667 35
35 35
40.8333 35
46.6667 35
52.5 35
58.3333 35
64.1667 35
5.83333 40.8333
11.6667 40.8333
17.5 40.8333
23.3333 40.8333
29.1667 40.8333
35 40.8333
40.8333 40.8333
5.83333 46.6667
11.6667 46.6667
17.5 46.6667
23.3333 46.6667
29.1667 46.6667
35 46.6667
46.6667 46.6667
52.5 46.6667
58.3333 46.6667
64.1667 46.6667
70 46.6667
5.83333 52.5
11.6667 52.5
17.5 52.5
23.3333 52.5
29.1667 52.5
35 52.5
46.6667 52.5
52.5 52.5
58.3333 52.5
64.1667 52.5
70 52.5
5.83333 58.3333
11.6667 58.3333
17.5 58.3333
23.3333 58.3333
29.1667 58.3333
35 58.3333
46.6667 58.3333
52.5 58.3333
58.3333 58.3333
64.1667 58.3333
70 58.3333
5.83333 64.1667
11.6667 64.1667
17.5 64.1667
23.3333 64.1667
29.1667 64.1667
35 64.1667
46.6667 64.1667
52.5 64.1667
58.3333 64.1667
64.1667 64.1667
70 64.1667
46.6667 70
52.5 70
58.3333 70
64.1667 70
70 70
