1.45833 1.45833
2.91667 1.45833
4.375 1.45833
5.83333 1.45833
7.29167 1.45833
8.75 1.45833
10.2083 1.45833
11.6667 1.45833
13.125 1.45833
14.5833 1.45833
16.0417 1.45833
17.5 1.45833
18.9583 1.45833
20.4167 1.45833
21.875 1.45833
23.3333 1.45833
24.7917 1.45833
26.25 1.45833
27.7083 1.45833
29.1667 1.45833
30.625 1.45833
32.0833 1.45833
33.5417 1.45833
35 1.45833
36.4583 1.45833
37.9167 1.45833
39.375 1.45833
40.8333 1.45833
42.2917 1.45833
43.75 1.45833
45.2083 1.45833
46.6667 1.45833
48.125 1.45833
49.5833 1.45833
51.0417 1.45833
52.5 1.45833
53.9583 1.45833
55.4167 1.45833
56.875 1.45833
58.3333 1.45833
59.7917 1.45833
61.25 1.45833
62.7083 1.45833
64.1667 1.45833
65.625 1.45833
67.0833 1.45833
68.5417 1.45833
1.45833 2.91667
2.91667 2.91667
4.375 2.91667
5.83333 2.91667
7.29167 2.91667
8.75 2.91667
10.2083 2.91667
11.6667 2.91667
13.125 2.91667
14.5833 2.91667
16.0417 2.91667
17.5 2.91667
18.9583 2.91667
20.4167 2.91667
21.875 2.91667
23.3333 2.91667
24.7917 2.91667
26.25 2.91667
27.7083 2.91667
29.1667 2.91667
30.625 2.91667
32.0833 2.91667
33.5417 2.91667
35 2.91667
36.4583 2.91667
37.9167 2.91667
39.375 2.91667
40.8333 2.91667
42.2917 2.91667
43.75 2.91667
45.2083 2.91667
46.6667 2.91667
48.125 2.91667
49.5833 2.91667
51.0417 2.91667
52.5 2.91667
53.9583 2.91667
55.4167 2.91667
56.875 2.91667
58.3333 2.91667
59.7917 2.91667
61.25 2.91667
62.7083 2.91667
64.1667 2.91667
65.625 2.91667
67.0833 2.91667
68.5417 2.91667
1.45833 4.375
2.91667 4.375
4.375 4.375
5.83333 4.375
7.29167 4.375
8.75 4.375
10.2083 4.375
11.6667 4.375
13.125 4.375
14.5833 4.375
16.0417 4.375
17.5 4.375
18.9583 4.375
20.4167 4.375
21.875 4.375
23.3333 4.375
24.7917 4.375
26.25 4.375
27.7083 4.375
29.1667 4.375
30.625 4.375
32.0833 4.375
33.5417 4.375
35 4.375
36.4583 4.375
37.9167 4.375
39.375 4.375
40.8333 4.375
42.2917 4.375
43.75 4.375
45.2083 4.375
46.6667 4.375
48.125 4.375
49.5833 4.375
51.0417 4.375
52.5 4.375
53.9583 4.375
55.4167 4.375
56.875 4.375
58.3333 4.375
59.7917 4.375
61.25 4.375
62.7083 4.375
64.1667 4.375
65.625 4.375
67.0833 4.375
68.5417 4.375
1.45833 5.83333
2.91667 5.83333
4.375 5.83333
5.83333 5.83333
7.29167 5.83333
8.75 5.83333
10.2083 5.83333
11.6667 5.83333
13.125 5.83333
14.5833 5.83333
16.0417 5.83333
17.5 5.83333
18.9583 5.83333
20.4167 5.83333
21.875 5.83333
23.3333 5.83333
24.7917 5.83333
26.25 5.83333
27.7083 5.83333
29.1667 5.83333
30.625 5.83333
32.0833 5.83333
33.5417 5.83333
35 5.83333
36.4583 5.83333
37.9167 5.83333
39.375 5.83333
40.8333 5.83333
42.2917 5.83333
43.75 5.83333
45.2083 5.83333
46.6667 5.83333
48.125 5.83333
49.5833 5.83333
51.0417 5.83333
52.5 5.83333
53.9583 5.83333
55.4167 5.83333
56.875 5.83333
58.3333 5.83333
59.7917 5.83333
61.25 5.83333
62.7083 5.83333
64.1667 5.83333
65.625 5.83333
67.0833 5.83333
68.5417 5.83333
1.45833 7.29167
2.91667 7.29167
4.375 7.29167
5.83333 7.29167
7.29167 7.29167
8.75 7.29167
10.2083 7.29167
11.6667 7.29167
13.125 7.29167
14.5833 7.29167
16.0417 7.29167
17.5 7.29167
18.9583 7.29167
20.4167 7.29167
21.875 7.29167
23.3333 7.29167
24.7917 7.29167
26.25 7.29167
27.7083 7.29167
29.1667 7.29167
30.625 7.29167
32.0833 7.29167
33.5417 7.29167
35 7.29167
36.4583 7.29167
37.9167 7.29167
39.375 7.29167
40.8333 7.29167
42.2917 7.29167
43.75 7.29167
45.2083 7.29167
46.6667 7.29167
48.125 7.29167
49.5833 7.29167
51.0417 7.29167
52.5 7.29167
53.9583 7.29167
55.4167 7.29167
56.875 7.29167
58.3333 7.29167
59.7917 7.29167
61.25 7.29167
62.7083 7.29167
64.1667 7.29167
65.625 7.29167
67.0833 7.29167
68.5417 7.29167
1.45833 8.75
2.91667 8.75
4.375 8.75
5.83333 8.75
7.29167 8.75
8.75 8.75
10.2083 8.75
11.6667 8.75
13.125 8.75
14.5833 8.75
16.0417 8.75
17.5 8.75
18.9583 8.75
20.4167 8.75
21.875 8.75
23.3333 8.75
24.7917 8.75
26.25 8.75
27.7083 8.75
29.1667 8.75
30.625 8.75
32.0833 8.75
33.5417 8.75
35 8.75
36.4583 8.75
37.9167 8.75
39.375 8.75
40.8333 8.75
42.2917 8.75
43.75 8.75
45.2083 8.75
46.6667 8.75
48.125 8.75
49.5833 8.75
51.0417 8.75
52.5 8.75
53.9583 8.75
55.4167 8.75
56.875 8.75
58.3333 8.75
59.7917 8.75
61.25 8.75
62.7083 8.75
64.1667 8.75
65.625 8.75
67.0833 8.75
68.5417 8.75
1.45833 10.2083
2.91667 10.2083
4.375 10.2083
5.83333 10.2083
7.29167 10.2083
8.75 10.2083
10.2083 10.2083
11.6667 10.2083
13.125 10.2083
14.5833 10.2083
16.0417 10.2083
17.5 10.2083
18.9583 10.2083
20.4167 10.2083
21.875 10.2083
23.3333 10.2083
24.7917 10.2083
26.25 10.2083
27.7083 10.2083
29.1667 10.2083
30.625 10.2083
32.0833 10.2083
33.5417 10.2083
35 10.2083
36.4583 10.2083
37.9167 10.2083
39.375 10.2083
40.8333 10.2083
42.2917 10.2083
43.75 10.2083
45.2083 10.2083
46.6667 10.2083
48.125 10.2083
49.5833 10.2083
51.0417 10.2083
52.5 10.2083
53.9583 10.2083
55.4167 10.2083
56.875 10.2083
58.3333 10.2083
59.7917 10.2083
61.25 10.2083
62.7083 10.2083
64.1667 10.2083
65.625 10.2083
67.0833 10.2083
68.5417 10.2083
1.45833 11.6667
2.91667 11.6667
4.375 11.6667
5.83333 11.6667
7.29167 11.6667
8.75 11.6667
10.2083 11.6667
11.6667 11.6667
13.125 11.6667
14.5833 11.6667
16.0417 11.6667
17.5 11.6667
18.9583 11.6667
20.4167 11.6667
21.875 11.6667
23.3333 11.6667
24.7917 11.6667
26.25 11.6667
27.7083 11.6667
29.1667 11.6667
30.625 11.6667
32.0833 11.6667
33.5417 11.6667
35 11.6667
36.4583 11.6667
37.9167 11.6667
39.375 11.6667
40.8333 11.6667
42.2917 11.6667
43.75 11.6667
45.2083 11.6667
46.6667 11.6667
48.125 11.6667
49.5833 11.6667
51.0417 11.6667
52.5 11.6667
53.9583 11.6667
55.4167 11.6667
56.875 11.6667
58.3333 11.6667
59.7917 11.6667
61.25 11.6667
62.7083 11.6667
64.1667 11.6667
65.625 11.6667
67.0833 11.6667
68.5417 11.6667
1.45833 13.125
2.91667 13.125
4.375 13.125
5.83333 13.125
7.29167 13.125
8.75 13.125
10.2083 13.125
11.6667 13.125
13.125 13.125
14.5833 13.125
16.0417 13.125
17.5 13.125
18.9583 13.125
20.4167 13.125
21.875 13.125
23.3333 13.125
24.7917 13.125
26.25 13.125
27.7083 13.125
29.1667 13.125
30.625 13.125
32.0833 13.125
33.5417 13.125
35 13.125
36.4583 13.125
37.9167 13.125
39.375 13.125
40.8333 13.125
42.2917 13.125
43.75 13.125
45.2083 13.125
46.6667 13.125
48.125 13.125
49.5833 13.125
51.0417 13.125
52.5 13.125
53.9583 13.125
55.4167 13.125
56.875 13.125
58.3333 13.125
59.7917 13.125
61.25 13.125
62.7083 13.125
64.1667 13.125
65.625 13.125
67.0833 13.125
68.5417 13.125
1.45833 14.5833
2.91667 14.5833
4.375 14.5833
5.83333 14.5833
7.29167 14.5833
8.75 14.5833
10.2083 14.5833
11.6667 14.5833
13.125 14.5833
14.5833 14.5833
16.0417 14.5833
17.5 14.5833
18.9583 14.5833
20.4167 14.5833
21.875 14.5833
23.3333 14.5833
24.7917 14.5833
26.25 14.5833
27.7083 14.5833
29.1667 14.5833
30.625 14.5833
32.0833 14.5833
33.5417 14.5833
35 14.5833
36.4583 14.5833
37.9167 14.5833
39.375 14.5833
40.8333 14.5833
42.2917 14.5833
43.75 14.5833
45.2083 14.5833
46.6667 14.5833
48.125 14.5833
49.5833 14.5833
51.0417 14.5833
52.5 14.5833
53.9583 14.5833
55.4167 14.5833
56.875 14.5833
58.3333 14.5833
59.7917 14.5833
61.25 14.5833
62.7083 14.5833
64.1667 14.5833
65.625 14.5833
67.0833 14.5833
68.5417 14.5833
1.45833 16.0417
2.91667 16.0417
4.375 16.0417
5.83333 16.0417
7.29167 16.0417
8.75 16.0417
10.2083 16.0417
11.6667 16.0417
13.125 16.0417
14.5833 16.0417
16.0417 16.0417
17.5 16.0417
18.9583 16.0417
20.4167 16.0417
21.875 16.0417
23.3333 16.0417
24.7917 16.0417
26.25 16.0417
27.7083 16.0417
29.1667 16.0417
30.625 16.0417
32.0833 16.0417
33.5417 16.0417
35 16.0417
36.4583 16.0417
37.9167 16.0417
39.375 16.0417
40.8333 16.0417
42.2917 16.0417
43.75 16.0417
45.2083 16.0417
46.6667 16.0417
48.125 16.0417
49.5833 16.0417
51.0417 16.0417
52.5 16.0417
53.9583 16.0417
55.4167 16.0417
56.875 16.0417
58.3333 16.0417
59.7917 16.0417
61.25 16.0417
62.7083 16.0417
64.1667 16.0417
65.625 16.0417
67.0833 16.0417
68.5417 16.0417
1.45833 17.5
2.91667 17.5
4.375 17.5
5.83333 17.5
7.29167 17.5
8.75 17.5
10.2083 17.5
11.6667 17.5
13.125 17.5
14.5833 17.5
16.0417 17.5
17.5 17.5
18.9583 17.5
20.4167 17.5
21.875 17.5
23.3333 17.5
24.7917 17.5
26.25 17.5
27.7083 17.5
29.1667 17.5
30.625 17.5
32.0833 17.5
33.5417 17.5
35 17.5
36.4583 17.5
37.9167 17.5
39.375 17.5
40.8333 17.5
42.2917 17.5
43.75 17.5
45.2083 17.5
46.6667 17.5
48.125 17.5
49.5833 17.5
51.0417 17.5
52.5 17.5
53.9583 17.5
55.4167 17.5
56.875 17.5
58.3333 17.5
59.7917 17.5
61.25 17.5
62.7083 17.5
64.1667 17.5
65.625 17.5
67.0833 17.5
68.5417 17.5
1.45833 18.9583
2.91667 18.9583
4.375 18.9583
5.83333 18.9583
7.29167 18.9583
8.75 18.9583
10.2083 18.9583
11.6667 18.9583
13.125 18.9583
14.5833 18.9583
16.0417 18.9583
17.5 18.9583
18.9583 18.9583
20.4167 18.9583
21.875 18.9583
23.3333 18.9583
24.7917 18.9583
26.25 18.9583
27.7083 18.9583
29.1667 18.9583
30.625 18.9583
32.0833 18.9583
33.5417 18.9583
35 18.9583
36.4583 18.9583
37.9167 18.9583
39.375 18.9583
40.8333 18.9583
42.2917 18.9583
43.75 18.9583
45.2083 18.9583
46.6667 18.9583
48.125 18.9583
49.5833 18.9583
51.0417 18.9583
52.5 18.9583
53.9583 18.9583
55.4167 18.9583
56.875 18.9583
58.3333 18.9583
59.7917 18.9583
61.25 18.9583
62.7083 18.9583
64.1667 18.9583
65.625 18.9583
67.0833 18.9583
68.5417 18.9583
1.45833 20.4167
2.91667 20.4167
4.375 20.4167
5.83333 20.4167
7.29167 20.4167
8.75 20.4167
10.2083 20.4167
11.6667 20.4167
13.125 20.4167
14.5833 20.4167
16.0417 20.4167
17.5 20.4167
18.9583 20.4167
20.4167 20.4167
21.875 20.4167
23.3333 20.4167
24.7917 20.4167
26.25 20.4167
27.7083 20.4167
29.1667 20.4167
30.625 20.4167
32.0833 20.4167
33.5417 20.4167
35 20.4167
36.4583 20.4167
37.9167 20.4167
39.375 20.4167
40.8333 20.4167
42.2917 20.4167
43.75 20.4167
45.2083 20.4167
46.6667 20.4167
48.125 20.4167
49.5833 20.4167
51.0417 20.4167
52.5 20.4167
53.9583 20.4167
55.4167 20.4167
56.875 20.4167
58.3333 20.4167
59.7917 20.4167
61.25 20.4167
62.7083 20.4167
64.1667 20.4167
65.625 20.4167
67.0833 20.4167
68.5417 20.4167
1.45833 21.875
2.91667 21.875
4.375 21.875
5.83333 21.875
7.29167 21.875
8.75 21.875
10.2083 21.875
11.6667 21.875
13.125 21.875
14.5833 21.875
16.0417 21.875
17.5 21.875
18.9583 21.875
20.4167 21.875
21.875 21.875
23.3333 21.875
24.7917 21.875
26.25 21.875
27.7083 21.875
29.1667 21.875
30.625 21.875
32.0833 21.875
33.5417 21.875
35 21.875
36.4583 21.875
37.9167 21.875
39.375 21.875
40.8333 21.875
42.2917 21.875
43.75 21.875
45.2083 21.875
46.6667 21.875
48.125 21.875
49.5833 21.875
51.0417 21.875
52.5 21.875
53.9583 21.875
55.4167 21.875
56.875 21.875
58.3333 21.875
59.7917 21.875
61.25 21.875
62.7083 21.875
64.1667 21.875
65.625 21.875
67.0833 21.875
68.5417 21.875
1.45833 23.3333
2.91667 23.3333
4.375 23.3333
5.83333 23.3333
7.29167 23.3333
8.75 23.3333
10.2083 23.3333
11.6667 23.3333
13.125 23.3333
14.5833 23.3333
16.0417 23.3333
17.5 23.3333
18.9583 23.3333
20.4167 23.3333
21.875 23.3333
23.3333 23.3333
24.7917 23.3333
26.25 23.3333
27.7083 23.3333
29.1667 23.3333
30.625 23.3333
32.0833 23.3333
33.5417 23.3333
35 23.3333
36.4583 23.3333
37.9167 23.3333
39.375 23.3333
40.8333 23.3333
42.2917 23.3333
43.75 23.3333
45.2083 23.3333
46.6667 23.3333
48.125 23.3333
49.5833 23.3333
51.0417 23.3333
52.5 23.3333
53.9583 23.3333
55.4167 23.3333
56.875 23.3333
58.3333 23.3333
59.7917 23.3333
61.25 23.3333
62.7083 23.3333
64.1667 23.3333
65.625 23.3333
67.0833 23.3333
68.5417 23.3333
1.45833 24.7917
2.91667 24.7917
4.375 24.7917
5.83333 24.7917
7.29167 24.7917
8.75 24.7917
10.2083 24.7917
11.6667 24.7917
13.125 24.7917
14.5833 24.7917
16.0417 24.7917
17.5 24.7917
18.9583 24.7917
20.4167 24.7917
21.875 24.7917
23.3333 24.7917
24.7917 24.7917
26.25 24.7917
27.7083 24.7917
29.1667 24.7917
30.625 24.7917
32.0833 24.7917
33.5417 24.7917
35 24.7917
36.4583 24.7917
37.9167 24.7917
39.375 24.7917
40.8333 24.7917
42.2917 24.7917
43.75 24.7917
45.2083 24.7917
46.6667 24.7917
48.125 24.7917
49.5833 24.7917
51.0417 24.7917
52.5 24.7917
53.9583 24.7917
55.4167 24.7917
56.875 24.7917
58.3333 24.7917
59.7917 24.7917
61.25 24.7917
62.7083 24.7917
64.1667 24.7917
65.625 24.7917
67.0833 24.7917
68.5417 24.7917
1.45833 26.25
2.91667 26.25
4.375 26.25
5.83333 26.25
7.29167 26.25
8.75 26.25
10.2083 26.25
11.6667 26.25
13.125 26.25
14.5833 26.25
16.0417 26.25
17.5 26.25
18.9583 26.25
20.4167 26.25
21.875 26.25
23.3333 26.25
24.7917 26.25
26.25 26.25
27.7083 26.25
29.1667 26.25
30.625 26.25
32.0833 26.25
33.5417 26.25
35 26.25
36.4583 26.25
37.9167 26.25
39.375 26.25
40.8333 26.25
42.2917 26.25
43.75 26.25
45.2083 26.25
46.6667 26.25
48.125 26.25
49.5833 26.25
51.0417 26.25
52.5 26.25
53.9583 26.25
55.4167 26.25
56.875 26.25
58.3333 26.25
59.7917 26.25
61.25 26.25
62.7083 26.25
64.1667 26.25
65.625 26.25
67.0833 26.25
68.5417 26.25
1.45833 27.7083
2.91667 27.7083
4.375 27.7083
5.83333 27.7083
7.29167 27.7083
8.75 27.7083
10.2083 27.7083
11.6667 27.7083
13.125 27.7083
14.5833 27.7083
16.0417 27.7083
17.5 27.7083
18.9583 27.7083
20.4167 27.7083
21.875 27.7083
23.3333 27.7083
24.7917 27.7083
26.25 27.7083
27.7083 27.7083
29.1667 27.7083
30.625 27.7083
32.0833 27.7083
33.5417 27.7083
35 27.7083
36.4583 27.7083
37.9167 27.7083
39.375 27.7083
40.8333 27.7083
42.2917 27.7083
43.75 27.7083
45.2083 27.7083
46.6667 27.7083
48.125 27.7083
49.5833 27.7083
51.0417 27.7083
52.5 27.7083
53.9583 27.7083
55.4167 27.7083
56.875 27.7083
58.3333 27.7083
59.7917 27.7083
61.25 27.7083
62.7083 27.7083
64.1667 27.7083
65.625 27.7083
67.0833 27.7083
68.5417 27.7083
1.45833 29.1667
2.91667 29.1667
4.375 29.1667
5.83333 29.1667
7.29167 29.1667
8.75 29.1667
10.2083 29.1667
11.6667 29.1667
13.125 29.1667
14.5833 29.1667
16.0417 29.1667
17.5 29.1667
18.9583 29.1667
20.4167 29.1667
21.875 29.1667
23.3333 29.1667
24.7917 29.1667
26.25 29.1667
27.7083 29.1667
29.1667 29.1667
30.625 29.1667
32.0833 29.1667
33.5417 29.1667
35 29.1667
36.4583 29.1667
37.9167 29.1667
39.375 29.1667
40.8333 29.1667
42.2917 29.1667
43.75 29.1667
45.2083 29.1667
46.6667 29.1667
48.125 29.1667
49.5833 29.1667
51.0417 29.1667
52.5 29.1667
53.9583 29.1667
55.4167 29.1667
56.875 29.1667
58.3333 29.1667
59.7917 29.1667
61.25 29.1667
62.7083 29.1667
64.1667 29.1667
65.625 29.1667
67.0833 29.1667
68.5417 29.1667
1.45833 30.625
2.91667 30.625
4.375 30.625
5.83333 30.625
7.29167 30.625
8.75 30.625
10.2083 30.625
11.6667 30.625
13.125 30.625
14.5833 30.625
16.0417 30.625
17.5 30.625
18.9583 30.625
20.4167 30.625
21.875 30.625
23.3333 30.625
24.7917 30.625
26.25 30.625
27.7083 30.625
29.1667 30.625
30.625 30.625
32.0833 30.625
33.5417 30.625
35 30.625
36.4583 30.625
37.9167 30.625
39.375 30.625
40.8333 30.625
42.2917 30.625
43.75 30.625
45.2083 30.625
46.6667 30.625
48.125 30.625
49.5833 30.625
51.0417 30.625
52.5 30.625
53.9583 30.625
55.4167 30.625
56.875 30.625
58.3333 30.625
59.7917 30.625
61.25 30.625
62.7083 30.625
64.1667 30.625
65.625 30.625
67.0833 30.625
68.5417 30.625
1.45833 32.0833
2.91667 32.0833
4.375 32.0833
5.83333 32.0833
7.29167 32.0833
8.75 32.0833
10.2083 32.0833
11.6667 32.0833
13.125 32.0833
14.5833 32.0833
16.0417 32.0833
17.5 32.0833
18.9583 32.0833
20.4167 32.0833
21.875 32.0833
23.3333 32.0833
24.7917 32.0833
26.25 32.0833
27.7083 32.0833
29.1667 32.0833
30.625 32.0833
32.0833 32.0833
33.5417 32.0833
35 32.0833
36.4583 32.0833
37.9167 32.0833
39.375 32.0833
40.8333 32.0833
42.2917 32.0833
43.75 32.0833
45.2083 32.0833
46.6667 32.0833
48.125 32.0833
49.5833 32.0833
51.0417 32.0833
52.5 32.0833
53.9583 32.0833
55.4167 32.0833
56.875 32.0833
58.3333 32.0833
59.7917 32.0833
61.25 32.0833
62.7083 32.0833
64.1667 32.0833
65.625 32.0833
67.0833 32.0833
68.5417 32.0833
1.45833 33.5417
2.91667 33.5417
4.375 33.5417
5.83333 33.5417
7.29167 33.5417
8.75 33.5417
10.2083 33.5417
11.6667 33.5417
13.125 33.5417
14.5833 33.5417
16.0417 33.5417
17.5 33.5417
18.9583 33.5417
20.4167 33.5417
21.875 33.5417
23.3333 33.5417
24.7917 33.5417
26.25 33.5417
27.7083 33.5417
29.1667 33.5417
30.625 33.5417
32.0833 33.5417
33.5417 33.5417
35 33.5417
36.4583 33.5417
37.9167 33.5417
39.375 33.5417
40.8333 33.5417
42.2917 33.5417
43.75 33.5417
45.2083 33.5417
46.6667 33.5417
48.125 33.5417
49.5833 33.5417
51.0417 33.5417
52.5 33.5417
53.9583 33.5417
55.4167 33.5417
56.875 33.5417
58.3333 33.5417
59.7917 33.5417
61.25 33.5417
62.7083 33.5417
64.1667 33.5417
65.625 33.5417
67.0833 33.5417
68.5417 33.5417
1.45833 35
2.91667 35
4.375 35
5.83333 35
7.29167 35
8.75 35
10.2083 35
11.6667 35
13.125 35
14.5833 35
16.0417 35
17.5 35
18.9583 35
20.4167 35
21.875 35
23.3333 35
24.7917 35
26.25 35
27.7083 35
29.1667 35
30.625 35
32.0833 35
33.5417 35
35 35
36.4583 35
37.9167 35
39.375 35
40.8333 35
42.2917 35
43.75 35
45.2083 35
46.6667 35
48.125 35
49.5833 35
51.0417 35
52.5 35
53.9583 35
55.4167 35
56.875 35
58.3333 35
59.7917 35
61.25 35
62.7083 35
64.1667 35
65.625 35
67.0833 35
68.5417 35
1.45833 36.4583
2.91667 36.4583
4.375 36.4583
5.83333 36.4583
7.29167 36.4583
8.75 36.4583
10.2083 36.4583
11.6667 36.4583
13.125 36.4583
14.5833 36.4583
16.0417 36.4583
17.5 36.4583
18.9583 36.4583
20.4167 36.4583
21.875 36.4583
23.3333 36.4583
24.7917 36.4583
26.25 36.4583
27.7083 36.4583
29.1667 36.4583
30.625 36.4583
32.0833 36.4583
33.5417 36.4583
35 36.4583
36.4583 36.4583
37.9167 36.4583
39.375 36.4583
40.8333 36.4583
42.2917 36.4583
43.75 36.4583
45.2083 36.4583
46.6667 36.4583
48.125 36.4583
49.5833 36.4583
51.0417 36.4583
52.5 36.4583
53.9583 36.4583
55.4167 36.4583
56.875 36.4583
58.3333 36.4583
59.7917 36.4583
61.25 36.4583
62.7083 36.4583
64.1667 36.4583
65.625 36.4583
67.0833 36.4583
68.5417 36.4583
1.45833 37.9167
2.91667 37.9167
4.375 37.9167
5.83333 37.9167
7.29167 37.9167
8.75 37.9167
10.2083 37.9167
11.6667 37.9167
13.125 37.9167
14.5833 37.9167
16.0417 37.9167
17.5 37.9167
18.9583 37.9167
20.4167 37.9167
21.875 37.9167
23.3333 37.9167
24.7917 37.9167
26.25 37.9167
27.7083 37.9167
29.1667 37.9167
30.625 37.9167
32.0833 37.9167
33.5417 37.9167
35 37.9167
36.4583 37.9167
37.9167 37.9167
39.375 37.9167
40.8333 37.9167
42.2917 37.9167
43.75 37.9167
45.2083 37.9167
46.6667 37.9167
48.125 37.9167
49.5833 37.9167
51.0417 37.9167
52.5 37.9167
53.9583 37.9167
55.4167 37.9167
56.875 37.9167
58.3333 37.9167
59.7917 37.9167
61.25 37.9167
62.7083 37.9167
64.1667 37.9167
65.625 37.9167
67.0833 37.9167
68.5417 37.9167
1.45833 39.375
2.91667 39.375
4.375 39.375
5.83333 39.375
7.29167 39.375
8.75 39.375
10.2083 39.375
11.6667 39.375
13.125 39.375
14.5833 39.375
16.0417 39.375
17.5 39.375
18.9583 39.375
20.4167 39.375
21.875 39.375
23.3333 39.375
24.7917 39.375
26.25 39.375
27.7083 39.375
29.1667 39.375
30.625 39.375
32.0833 39.375
33.5417 39.375
35 39.375
36.4583 39.375
37.9167 39.375
39.375 39.375
40.8333 39.375
42.2917 39.375
43.75 39.375
45.2083 39.375
46.6667 39.375
48.125 39.375
49.5833 39.375
51.0417 39.375
52.5 39.375
53.9583 39.375
55.4167 39.375
56.875 39.375
58.3333 39.375
59.7917 39.375
61.25 39.375
62.7083 39.375
64.1667 39.375
65.625 39.375
67.0833 39.375
68.5417 39.375
1.45833 40.8333
2.91667 40.8333
4.375 40.8333
5.83333 40.8333
7.29167 40.8333
8.75 40.8333
10.2083 40.8333
11.6667 40.8333
13.125 40.8333
14.5833 40.8333
16.0417 40.8333
17.5 40.8333
18.9583 40.8333
20.4167 40.8333
21.875 40.8333
23.3333 40.8333
24.7917 40.8333
26.25 40.8333
27.7083 40.8333
29.1667 40.8333
30.625 40.8333
32.0833 40.8333
33.5417 40.8333
35 40.8333
36.4583 40.8333
37.9167 40.8333
39.375 40.8333
40.8333 40.8333
42.2917 40.8333
43.75 40.8333
45.2083 40.8333
46.6667 40.8333
48.125 40.8333
49.5833 40.8333
51.0417 40.8333
52.5 40.8333
53.9583 40.8333
55.4167 40.8333
56.875 40.8333
58.3333 40.8333
59.7917 40.8333
61.25 40.8333
62.7083 40.8333
64.1667 40.8333
65.625 40.8333
67.0833 40.8333
68.5417 40.8333
1.45833 42.2917
2.91667 42.2917
4.375 42.2917
5.83333 42.2917
7.29167 42.2917
8.75 42.2917
10.2083 42.2917
11.6667 42.2917
13.125 42.2917
14.5833 42.2917
16.0417 42.2917
17.5 42.2917
18.9583 42.2917
20.4167 42.2917
21.875 42.2917
23.3333 42.2917
24.7917 42.2917
26.25 42.2917
27.7083 42.2917
29.1667 42.2917
30.625 42.2917
32.0833 42.2917
33.5417 42.2917
35 42.2917
36.4583 42.2917
37.9167 42.2917
39.375 42.2917
40.8333 42.2917
42.2917 42.2917
43.75 42.2917
45.2083 42.2917
46.6667 42.2917
48.125 42.2917
49.5833 42.2917
51.0417 42.2917
52.5 42.2917
53.9583 42.2917
55.4167 42.2917
56.875 42.2917
58.3333 42.2917
59.7917 42.2917
61.25 42.2917
62.7083 42.2917
64.1667 42.2917
65.625 42.2917
67.0833 42.2917
68.5417 42.2917
1.45833 43.75
2.91667 43.75
4.375 43.75
5.83333 43.75
7.29167 43.75
8.75 43.75
10.2083 43.75
11.6667 43.75
13.125 43.75
14.5833 43.75
16.0417 43.75
17.5 43.75
18.9583 43.75
20.4167 43.75
21.875 43.75
23.3333 43.75
24.7917 43.75
26.25 43.75
27.7083 43.75
29.1667 43.75
30.625 43.75
32.0833 43.75
33.5417 43.75
35 43.75
36.4583 43.75
37.9167 43.75
39.375 43.75
40.8333 43.75
42.2917 43.75
43.75 43.75
45.2083 43.75
46.6667 43.75
48.125 43.75
49.5833 43.75
51.0417 43.75
52.5 43.75
53.9583 43.75
55.4167 43.75
56.875 43.75
58.3333 43.75
59.7917 43.75
61.25 43.75
62.7083 43.75
64.1667 43.75
65.625 43.75
67.0833 43.75
68.5417 43.75
1.45833 45.2083
2.91667 45.2083
4.375 45.2083
5.83333 45.2083
7.29167 45.2083
8.75 45.2083
10.2083 45.2083
11.6667 45.2083
13.125 45.2083
14.5833 45.2083
16.0417 45.2083
17.5 45.2083
18.9583 45.2083
20.4167 45.2083
21.875 45.2083
23.3333 45.2083
24.7917 45.2083
26.25 45.2083
27.7083 45.2083
29.1667 45.2083
30.625 45.2083
32.0833 45.2083
33.5417 45.2083
35 45.2083
36.4583 45.2083
37.9167 45.2083
39.375 45.2083
40.8333 45.2083
42.2917 45.2083
43.75 45.2083
45.2083 45.2083
1.45833 46.6667
2.91667 46.6667
4.375 46.6667
5.83333 46.6667
7.29167 46.6667
8.75 46.6667
10.2083 46.6667
11.6667 46.6667
13.125 46.6667
14.5833 46.6667
16.0417 46.6667
17.5 46.6667
18.9583 46.6667
20.4167 46.6667
21.875 46.6667
23.3333 46.6667
24.7917 46.6667
26.25 46.6667
27.7083 46.6667
29.1667 46.6667
30.625 46.6667
32.0833 46.6667
33.5417 46.6667
35 46.6667
36.4583 46.6667
37.9167 46.6667
39.375 46.6667
40.8333 46.6667
42.2917 46.6667
43.75 46.6667
46.6667 46.6667
48.125 46.6667
49.5833 46.6667
51.0417 46.6667
52.5 46.6667
53.9583 46.6667
55.4167 46.6667
56.875 46.6667
58.3333 46.6667
59.7917 46.6667
61.25 46.6667
62.7083 46.6667
64.1667 46.6667
65.625 46.6667
67.0833 46.6667
68.5417 46.6667
70 46.6667
1.45833 48.125
2.91667 48.125
4.375 48.125
5.83333 48.125
7.29167 48.125
8.75 48.125
10.2083 48.125
11.6667 48.125
13.125 48.125
14.5833 48.125
16.0417 48.125
17.5 48.125
18.9583 48.125
20.4167 48.125
21.875 48.125
23.3333 48.125
24.7917 48.125
26.25 48.125
27.7083 48.125
29.1667 48.125
30.625 48.125
32.0833 48.125
33.5417 48.125
35 48.125
36.4583 48.125
37.9167 48.125
39.375 48.125
40.8333 48.125
42.2917 48.125
43.75 48.125
46.6667 48.125
48.125 48.125
49.5833 48.125
51.0417 48.125
52.5 48.125
53.9583 48.125
55.4167 48.125
56.875 48.125
58.3333 48.125
59.7917 48.125
61.25 48.125
62.7083 48.125
64.1667 48.125
65.625 48.125
67.0833 48.125
68.5417 48.125
70 48.125
1.45833 49.5833
2.91667 49.5833
4.375 49.5833
5.83333 49.5833
7.29167 49.5833
8.75 49.5833
10.2083 49.5833
11.6667 49.5833
13.125 49.5833
14.5833 49.5833
16.0417 49.5833
17.5 49.5833
18.9583 49.5833
20.4167 49.5833
21.875 49.5833
23.3333 49.5833
24.7917 49.5833
26.25 49.5833
27.7083 49.5833
29.1667 49.5833
30.625 49.5833
32.0833 49.5833
33.5417 49.5833
35 49.5833
36.4583 49.5833
37.9167 49.5833
39.375 49.5833
40.8333 49.5833
42.2917 49.5833
43.75 49.5833
46.6667 49.5833
48.125 49.5833
49.5833 49.5833
51.0417 49.5833
52.5 49.5833
53.9583 49.5833
55.4167 49.5833
56.875 49.5833
58.3333 49.5833
59.7917 49.5833
61.25 49.5833
62.7083 49.5833
64.1667 49.5833
65.625 49.5833
67.0833 49.5833
68.5417 49.5833
70 49.5833
1.45833 51.0417
2.91667 51.0417
4.375 51.0417
5.83333 51.0417
7.29167 51.0417
8.75 51.0417
10.2083 51.0417
11.6667 51.0417
13.125 51.0417
14.5833 51.0417
16.0417 51.0417
17.5 51.0417
18.9583 51.0417
20.4167 51.0417
21.875 51.0417
23.3333 51.0417
24.7917 51.0417
26.25 51.0417
27.7083 51.0417
29.1667 51.0417
30.625 51.0417
32.0833 51.0417
33.5417 51.0417
35 51.0417
36.4583 51.0417
37.9167 51.0417
39.375 51.0417
40.8333 51.0417
42.2917 51.0417
43.75 51.0417
46.6667 51.0417
48.125 51.0417
49.5833 51.0417
51.0417 51.0417
52.5 51.0417
53.9583 51.0417
55.4167 51.0417
56.875 51.0417
58.3333 51.0417
59.7917 51.0417
61.25 51.0417
62.7083 51.0417
64.1667 51.0417
65.625 51.0417
67.0833 51.0417
68.5417 51.0417
70 51.0417
1.45833 52.5
2.91667 52.5
4.375 52.5
5.83333 52.5
7.29167 52.5
8.75 52.5
10.2083 52.5
11.6667 52.5
13.125 52.5
14.5833 52.5
16.0417 52.5
17.5 52.5
18.9583 52.5
20.4167 52.5
21.875 52.5
23.3333 52.5
24.7917 52.5
26.25 52.5
27.7083 52.5
29.1667 52.5
30.625 52.5
32.0833 52.5
33.5417 52.5
35 52.5
36.4583 52.5
37.9167 52.5
39.375 52.5
40.8333 52.5
42.2917 52.5
43.75 52.5
46.6667 52.5
48.125 52.5
49.5833 52.5
51.0417 52.5
52.5 52.5
53.9583 52.5
55.4167 52.5
56.875 52.5
58.3333 52.5
59.7917 52.5
61.25 52.5
62.7083 52.5
64.1667 52.5
65.625 52.5
67.0833 52.5
68.5417 52.5
70 52.5
1.45833 53.9583
2.91667 53.9583
4.375 53.9583
5.83333 53.9583
7.29167 53.9583
8.75 53.9583
10.2083 53.9583
11.6667 53.9583
13.125 53.9583
14.5833 53.9583
16.0417 53.9583
17.5 53.9583
18.9583 53.9583
20.4167 53.9583
21.875 53.9583
23.3333 53.9583
24.7917 53.9583
26.25 53.9583
27.7083 53.9583
29.1667 53.9583
30.625 53.9583
32.0833 53.9583
33.5417 53.9583
35 53.9583
36.4583 53.9583
37.9167 53.9583
39.375 53.9583
40.8333 53.9583
42.2917 53.9583
43.75 53.9583
46.6667 53.9583
48.125 53.9583
49.5833 53.9583
51.0417 53.9583
52.5 53.9583
53.9583 53.9583
55.4167 53.9583
56.875 53.9583
58.3333 53.9583
59.7917 53.9583
61.25 53.9583
62.7083 53.9583
64.1667 53.9583
65.625 53.9583
67.0833 53.9583
68.5417 53.9583
70 53.9583
1.45833 55.4167
2.91667 55.4167
4.375 55.4167
5.83333 55.4167
7.29167 55.4167
8.75 55.4167
10.2083 55.4167
11.6667 55.4167
13.125 55.4167
14.5833 55.4167
16.0417 55.4167
17.5 55.4167
18.9583 55.4167
20.4167 55.4167
21.875 55.4167
23.3333 55.4167
24.7917 55.4167
26.25 55.4167
27.7083 55.4167
29.1667 55.4167
30.625 55.4167
32.0833 55.4167
33.5417 55.4167
35 55.4167
36.4583 55.4167
37.9167 55.4167
39.375 55.4167
40.8333 55.4167
42.2917 55.4167
43.75 55.4167
46.6667 55.4167
48.125 55.4167
49.5833 55.4167
51.0417 55.4167
52.5 55.4167
53.9583 55.4167
55.4167 55.4167
56.875 55.4167
58.3333 55.4167
59.7917 55.4167
61.25 55.4167
62.7083 55.4167
64.1667 55.4167
65.625 55.4167
67.0833 55.4167
68.5417 55.4167
70 55.4167
1.45833 56.875
2.91667 56.875
4.375 56.875
5.83333 56.875
7.29167 56.875
8.75 56.875
10.2083 56.875
11.6667 56.875
13.125 56.875
14.5833 56.875
16.0417 56.875
17.5 56.875
18.9583 56.875
20.4167 56.875
21.875 56.875
23.3333 56.875
24.7917 56.875
26.25 56.875
27.7083 56.875
29.1667 56.875
30.625 56.875
32.0833 56.875
33.5417 56.875
35 56.875
36.4583 56.875
37.9167 56.875
39.375 56.875
40.8333 56.875
42.2917 56.875
43.75 56.875
46.6667 56.875
48.125 56.875
49.5833 56.875
51.0417 56.875
52.5 56.875
53.9583 56.875
55.4167 56.875
56.875 56.875
58.3333 56.875
59.7917 56.875
61.25 56.875
62.7083 56.875
64.1667 56.875
65.625 56.875
67.0833 56.875
68.5417 56.875
70 56.875
1.45833 58.3333
2.91667 58.3333
4.375 58.3333
5.83333 58.3333
7.29167 58.3333
8.75 58.3333
10.2083 58.3333
11.6667 58.3333
13.125 58.3333
14.5833 58.3333
16.0417 58.3333
17.5 58.3333
18.9583 58.3333
20.4167 58.3333
21.875 58.3333
23.3333 58.3333
24.7917 58.3333
26.25 58.3333
27.7083 58.3333
29.1667 58.3333
30.625 58.3333
32.0833 58.3333
33.5417 58.3333
35 58.3333
36.4583 58.3333
37.9167 58.3333
39.375 58.3333
40.8333 58.3333
42.2917 58.3333
43.75 58.3333
46.6667 58.3333
48.125 58.3333
49.5833 58.3333
51.0417 58.3333
52.5 58.3333
53.9583 58.3333
55.4167 58.3333
56.875 58.3333
58.3333 58.3333
59.7917 58.3333
61.25 58.3333
62.7083 58.3333
64.1667 58.3333
65.625 58.3333
67.0833 58.3333
68.5417 58.3333
70 58.3333
1.45833 59.7917
2.91667 59.7917
4.375 59.7917
5.83333 59.7917
7.29167 59.7917
8.75 59.7917
10.2083 59.7917
11.6667 59.7917
13.125 59.7917
14.5833 59.7917
16.0417 59.7917
17.5 59.7917
18.9583 59.7917
20.4167 59.7917
21.875 59.7917
23.3333 59.7917
24.7917 59.7917
26.25 59.7917
27.7083 59.7917
29.1667 59.7917
30.625 59.7917
32.0833 59.7917
33.5417 59.7917
35 59.7917
36.4583 59.7917
37.9167 59.7917
39.375 59.7917
40.8333 59.7917
42.2917 59.7917
43.75 59.7917
46.6667 59.7917
48.125 59.7917
49.5833 59.7917
51.0417 59.7917
52.5 59.7917
53.9583 59.7917
55.4167 59.7917
56.875 59.7917
58.3333 59.7917
59.7917 59.7917
61.25 59.7917
62.7083 59.7917
64.1667 59.7917
65.625 59.7917
67.0833 59.7917
68.5417 59.7917
70 59.7917
1.45833 61.25
2.91667 61.25
4.375 61.25
5.83333 61.25
7.29167 61.25
8.75 61.25
10.2083 61.25
11.6667 61.25
13.125 61.25
14.5833 61.25
16.0417 61.25
17.5 61.25
18.9583 61.25
20.4167 61.25
21.875 61.25
23.3333 61.25
24.7917 61.25
26.25 61.25
27.7083 61.25
29.1667 61.25
30.625 61.25
32.0833 61.25
33.5417 61.25
35 61.25
36.4583 61.25
37.9167 61.25
39.375 61.25
40.8333 61.25
42.2917 61.25
43.75 61.25
46.6667 61.25
48.125 61.25
49.5833 61.25
51.0417 61.25
52.5 61.25
53.9583 61.25
55.4167 61.25
56.875 61.25
58.3333 61.25
59.7917 61.25
61.25 61.25
62.7083 61.25
64.1667 61.25
65.625 61.25
67.0833 61.25
68.5417 61.25
70 61.25
1.45833 62.7083
2.91667 62.7083
4.375 62.7083
5.83333 62.7083
7.29167 62.7083
8.75 62.7083
10.2083 62.7083
11.6667 62.7083
13.125 62.7083
14.5833 62.7083
16.0417 62.7083
17.5 62.7083
18.9583 62.7083
20.4167 62.7083
21.875 62.7083
23.3333 62.7083
24.7917 62.7083
26.25 62.7083
27.7083 62.7083
29.1667 62.7083
30.625 62.7083
32.0833 62.7083
33.5417 62.7083
35 62.7083
36.4583 62.7083
37.9167 62.7083
39.375 62.7083
40.8333 62.7083
42.2917 62.7083
43.75 62.7083
46.6667 62.7083
48.125 62.7083
49.5833 62.7083
51.0417 62.7083
52.5 62.7083
53.9583 62.7083
55.4167 62.7083
56.875 62.7083
58.3333 62.7083
59.7917 62.7083
61.25 62.7083
62.7083 62.7083
64.1667 62.7083
65.625 62.7083
67.0833 62.7083
68.5417 62.7083
70 62.7083
1.45833 64.1667
2.91667 64.1667
4.375 64.1667
5.83333 64.1667
7.29167 64.1667
8.75 64.1667
10.2083 64.1667
11.6667 64.1667
13.125 64.1667
14.5833 64.1667
16.0417 64.1667
17.5 64.1667
18.9583 64.1667
20.4167 64.1667
21.875 64.1667
23.3333 64.1667
24.7917 64.1667
26.25 64.1667
27.7083 64.1667
29.1667 64.1667
30.625 64.1667
32.0833 64.1667
33.5417 64.1667
35 64.1667
36.4583 64.1667
37.9167 64.1667
39.375 64.1667
40.8333 64.1667
42.2917 64.1667
43.75 64.1667
46.6667 64.1667
48.125 64.1667
49.5833 64.1667
51.0417 64.1667
52.5 64.1667
53.9583 64.1667
55.4167 64.1667
56.875 64.1667
58.3333 64.1667
59.7917 64.1667
61.25 64.1667
62.7083 64.1667
64.1667 64.1667
65.625 64.1667
67.0833 64.1667
68.5417 64.1667
70 64.1667
1.45833 65.625
2.91667 65.625
4.375 65.625
5.83333 65.625
7.29167 65.625
8.75 65.625
10.2083 65.625
11.6667 65.625
13.125 65.625
14.5833 65.625
16.0417 65.625
17.5 65.625
18.9583 65.625
20.4167 65.625
21.875 65.625
23.3333 65.625
24.7917 65.625
26.25 65.625
27.7083 65.625
29.1667 65.625
30.625 65.625
32.0833 65.625
33.5417 65.625
35 65.625
36.4583 65.625
37.9167 65.625
39.375 65.625
40.8333 65.625
42.2917 65.625
43.75 65.625
46.6667 65.625
48.125 65.625
49.5833 65.625
51.0417 65.625
52.5 65.625
53.9583 65.625
55.4167 65.625
56.875 65.625
58.3333 65.625
59.7917 65.625
61.25 65.625
62.7083 65.625
64.1667 65.625
65.625 65.625
67.0833 65.625
68.5417 65.625
70 65.625
1.45833 67.0833
2.91667 67.0833
4.375 67.0833
5.83333 67.0833
7.29167 67.0833
8.75 67.0833
10.2083 67.0833
11.6667 67.0833
13.125 67.0833
14.5833 67.0833
16.0417 67.0833
17.5 67.0833
18.9583 67.0833
20.4167 67.0833
21.875 67.0833
23.3333 67.0833
24.7917 67.0833
26.25 67.0833
27.7083 67.0833
29.1667 67.0833
30.625 67.0833
32.0833 67.0833
33.5417 67.0833
35 67.0833
36.4583 67.0833
37.9167 67.0833
39.375 67.0833
40.8333 67.0833
42.2917 67.0833
43.75 67.0833
46.6667 67.0833
48.125 67.0833
49.5833 67.0833
51.0417 67.0833
52.5 67.0833
53.9583 67.0833
55.4167 67.0833
56.875 67.0833
58.3333 67.0833
59.7917 67.0833
61.25 67.0833
62.7083 67.0833
64.1667 67.0833
65.625 67.0833
67.0833 67.0833
68.5417 67.0833
70 67.0833
1.45833 68.5417
2.91667 68.5417
4.375 68.5417
5.83333 68.5417
7.29167 68.5417
8.75 68.5417
10.2083 68.5417
11.6667 68.5417
13.125 68.5417
14.5833 68.5417
16.0417 68.5417
17.5 68.5417
18.9583 68.5417
20.4167 68.5417
21.875 68.5417
23.3333 68.5417
24.7917 68.5417
26.25 68.5417
27.7083 68.5417
29.1667 68.5417
30.625 68.5417
32.0833 68.5417
33.5417 68.5417
35 68.5417
36.4583 68.5417
37.9167 68.5417
39.375 68.5417
40.8333 68.5417
42.2917 68.5417
43.75 68.5417
46.6667 68.5417
48.125 68.5417
49.5833 68.5417
51.0417 68.5417
52.5 68.5417
53.9583 68.5417
55.4167 68.5417
56.875 68.5417
58.3333 68.5417
59.7917 68.5417
61.25 68.5417
62.7083 68.5417
64.1667 68.5417
65.625 68.5417
67.0833 68.5417
68.5417 68.5417
70 68.5417
46.6667 70
48.125 70
49.5833 70
51.0417 70
52.5 70
53.9583 70
55.4167 70
56.875 70
58.3333 70
59.7917 70
61.25 70
62.7083 70
64.1667 70
65.625 70
67.0833 70
68.5417 70
70 70
