2.91667 2.91667
5.83333 2.91667
8.75 2.91667
11.6667 2.91667
14.5833 2.91667
17.5 2.91667
20.4167 2.91667
23.3333 2.91667
26.25 2.91667
29.1667 2.91667
32.0833 2.91667
35 2.91667
37.9167 2.91667
40.8333 2.91667
43.75 2.91667
46.6667 2.91667
49.5833 2.91667
52.5 2.91667
55.4167 2.91667
58.3333 2.91667
61.25 2.91667
64.1667 2.91667
67.0833 2.91667
2.91667 5.83333
5.83333 5.83333
8.75 5.83333
11.6667 5.83333
14.5833 5.83333
17.5 5.83333
20.4167 5.83333
23.3333 5.83333
26.25 5.83333
29.1667 5.83333
32.0833 5.83333
35 5.83333
37.9167 5.83333
40.8333 5.83333
43.75 5.83333
46.6667 5.83333
49.5833 5.83333
52.5 5.83333
55.4167 5.83333
58.3333 5.83333
61.25 5.83333
64.1667 5.83333
67.0833 5.83333
2.91667 8.75
5.83333 8.75
8.75 8.75
11.6667 8.75
14.5833 8.75
17.5 8.75
20.4167 8.75
23.3333 8.75
26.25 8.75
29.1667 8.75
32.0833 8.75
35 8.75
37.9167 8.75
40.8333 8.75
43.75 8.75
46.6667 8.75
49.5833 8.75
52.5 8.75
55.4167 8.75
58.3333 8.75
61.25 8.75
64.1667 8.75
67.0833 8.75
2.91667 11.6667
5.83333 11.6667
8.75 11.6667
11.6667 11.6667
14.5833 11.6667
17.5 11.6667
20.4167 11.6667
23.3333 11.6667
26.25 11.6667
29.1667 11.6667
32.0833 11.6667
35 11.6667
37.9167 11.6667
40.8333 11.6667
43.75 11.6667
46.6667 11.6667
49.5833 11.6667
52.5 11.6667
55.4167 11.6667
58.3333 11.6667
61.25 11.6667
64.1667 11.6667
67.0833 11.6667
2.91667 14.5833
5.83333 14.5833
8.75 14.5833
11.6667 14.5833
14.5833 14.5833
17.5 14.5833
20.4167 14.5833
23.3333 14.5833
26.25 14.5833
29.1667 14.5833
32.0833 14.5833
35 14.5833
37.9167 14.5833
40.8333 14.5833
43.75 14.5833
46.6667 14.5833
49.5833 14.5833
52.5 14.5833
55.4167 14.5833
58.3333 14.5833
61.25 14.5833
64.1667 14.5833
67.0833 14.5833
2.91667 17.5
5.83333 17.5
8.75 17.5
11.6667 17.5
14.5833 17.5
17.5 17.5
20.4167 17.5
23.3333 17.5
26.25 17.5
29.1667 17.5
32.0833 17.5
35 17.5
37.9167 17.5
40.8333 17.5
43.75 17.5
46.6667 17.5
49.5833 17.5
52.5 17.5
55.4167 17.5
58.3333 17.5
61.25 17.5
64.1667 17.5
67.0833 17.5
2.91667 20.4167
5.83333 20.4167
8.75 20.4167
11.6667 20.4167
14.5833 20.4167
17.5 20.4167
20.4167 20.4167
23.3333 20.4167
26.25 20.4167
29.1667 20.4167
32.0833 20.4167
35 20.4167
37.9167 20.4167
40.8333 20.4167
43.75 20.4167
46.6667 20.4167
49.5833 20.4167
52.5 20.4167
55.4167 20.4167
58.3333 20.4167
61.25 20.4167
64.1667 20.4167
67.0833 20.4167
2.91667 23.3333
5.83333 23.3333
8.75 23.3333
11.6667 23.3333
14.5833 23.3333
17.5 23.3333
20.4167 23.3333
23.3333 23.3333
26.25 23.3333
29.1667 23.3333
32.0833 23.3333
35 23.3333
37.9167 23.3333
40.8333 23.3333
43.75 23.3333
46.6667 23.3333
49.5833 23.3333
52.5 23.3333
55.4167 23.3333
58.3333 23.3333
61.25 23.3333
64.1667 23.3333
67.0833 23.3333
2.91667 26.25
5.83333 26.25
8.75 26.25
11.6667 26.25
14.5833 26.25
17.5 26.25
20.4167 26.25
23.3333 26.25
26.25 26.25
29.1667 26.25
32.0833 26.25
35 26.25
37.9167 26.25
40.8333 26.25
43.75 26.25
46.6667 26.25
49.5833 26.25
52.5 26.25
55.4167 26.25
58.3333 26.25
61.25 26.25
64.1667 26.25
67.0833 26.25
2.91667 29.1667
5.83333 29.1667
8.75 29.1667
11.6667 29.1667
14.5833 29.1667
17.5 29.1667
20.4167 29.1667
23.3333 29.1667
26.25 29.1667
29.1667 29.1667
32.0833 29.1667
35 29.1667
37.9167 29.1667
40.8333 29.1667
43.75 29.1667
46.6667 29.1667
49.5833 29.1667
52.5 29.1667
55.4167 29.1667
58.3333 29.1667
61.25 29.1667
64.1667 29.1667
67.0833 29.1667
2.91667 32.0833
5.83333 32.0833
8.75 32.0833
11.6667 32.0833
14.5833 32.0833
17.5 32.0833
20.4167 32.0833
23.3333 32.0833
26.25 32.0833
29.1667 32.0833
32.0833 32.0833
35 32.0833
37.9167 32.0833
40.8333 32.0833
43.75 32.0833
46.6667 32.0833
49.5833 32.0833
52.5 32.0833
55.4167 32.0833
58.3333 32.0833
61.25 32.0833
64.1667 32.0833
67.0833 32.0833
2.91667 35
5.83333 35
8.75 35
11.6667 35
14.5833 35
17.5 35
20.4167 35
23.3333 35
26.25 35
29.1667 35
32.0833 35
35 35
37.9167 35
40.8333 35
43.75 35
46.6667 35
49.5833 35
52.5 35
55.4167 35
58.3333 35
61.25 35
64.1667 35
67.0833 35
2.91667 37.9167
5.83333 37.9167
8.75 37.9167
11.6667 37.9167
14.5833 37.9167
17.5 37.9167
20.4167 37.9167
23.3333 37.9167
26.25 37.9167
29.1667 37.9167
32.0833 37.9167
35 37.9167
37.9167 37.9167
40.8333 37.9167
43.75 37.9167
46.6667 37.9167
49.5833 37.9167
52.5 37.9167
55.4167 37.9167
58.3333 37.9167
61.25 37.9167
64.1667 37.9167
67.0833 37.9167
2.91667 40.8333
5.83333 40.8333
8.75 40.8333
11.6667 40.8333
14.5833 40.8333
17.5 40.8333
20.4167 40.8333
23.3333 40.8333
26.25 40.8333
29.1667 40.8333
32.0833 40.8333
35 40.8333
37.9167 40.8333
40.8333 40.8333
43.75 40.8333
46.6667 40.8333
49.5833 40.8333
52.5 40.8333
55.4167 40.8333
58.3333 40.8333
61.25 40.8333
64.1667 40.8333
67.0833 40.8333
2.91667 43.75
5.83333 43.75
8.75 43.75
11.6667 43.75
14.5833 43.75
17.5 43.75
20.4167 43.75
23.3333 43.75
26.25 43.75
29.1667 43.75
32.0833 43.75
35 43.75
37.9167 43.75
40.8333 43.75
43.75 43.75
2.91667 46.6667
5.83333 46.6667
8.75 46.6667
11.6667 46.6667
14.5833 46.6667
17.5 46.6667
20.4167 46.6667
23.3333 46.6667
26.25 46.6667
29.1667 46.6667
32.0833 46.6667
35 46.6667
37.9167 46.6667
40.8333 46.6667
46.6667 46.6667
49.5833 46.6667
52.5 46.6667
55.4167 46.6667
58.3333 46.6667
61.25 46.6667
64.1667 46.6667
67.0833 46.6667
70 46.6667
2.91667 49.5833
5.83333 49.5833
8.75 49.5833
11.6667 49.5833
14.5833 49.5833
17.5 49.5833
20.4167 49.5833
23.3333 49.5833
26.25 49.5833
29.1667 49.5833
32.0833 49.5833
35 49.5833
37.9167 49.5833
40.8333 49.5833
46.6667 49.5833
49.5833 49.5833
52.5 49.5833
55.4167 49.5833
58.3333 49.5833
61.25 49.5833
64.1667 49.5833
67.0833 49.5833
70 49.5833
2.91667 52.5
5.83333 52.5
8.75 52.5
11.6667 52.5
14.5833 52.5
17.5 52.5
20.4167 52.5
23.3333 52.5
26.25 52.5
29.1667 52.5
32.0833 52.5
35 52.5
37.9167 52.5
40.8333 52.5
46.6667 52.5
49.5833 52.5
52.5 52.5
55.4167 52.5
58.3333 52.5
61.25 52.5
64.1667 52.5
67.0833 52.5
70 52.5
2.91667 55.4167
5.83333 55.4167
8.75 55.4167
11.6667 55.4167
14.5833 55.4167
17.5 55.4167
20.4167 55.4167
23.3333 55.4167
26.25 55.4167
29.1667 55.4167
32.0833 55.4167
35 55.4167
37.9167 55.4167
40.8333 55.4167
46.6667 55.4167
49.5833 55.4167
52.5 55.4167
55.4167 55.4167
58.3333 55.4167
61.25 55.4167
64.1667 55.4167
67.0833 55.4167
70 55.4167
2.91667 58.3333
5.83333 58.3333
8.75 58.3333
11.6667 58.3333
14.5833 58.3333
17.5 58.3333
20.4167 58.3333
23.3333 58.3333
26.25 58.3333
29.1667 58.3333
32.0833 58.3333
35 58.3333
37.9167 58.3333
40.8333 58.3333
46.6667 58.3333
49.5833 58.3333
52.5 58.3333
55.4167 58.3333
58.3333 58.3333
61.25 58.3333
64.1667 58.3333
67.0833 58.3333
70 58.3333
2.91667 61.25
5.83333 61.25
8.75 61.25
11.6667 61.25
14.5833 61.25
17.5 61.25
20.4167 61.25
23.3333 61.25
26.25 61.25
29.1667 61.25
32.0833 61.25
35 61.25
37.9167 61.25
40.8333 61.25
46.6667 61.25
49.5833 61.25
52.5 61.25
55.4167 61.25
58.3333 61.25
61.25 61.25
64.1667 61.25
67.0833 61.25
70 61.25
2.91667 64.1667
5.83333 64.1667
8.75 64.1667
11.6667 64.1667
14.5833 64.1667
17.5 64.1667
20.4167 64.1667
23.3333 64.1667
26.25 64.1667
29.1667 64.1667
32.0833 64.1667
35 64.1667
37.9167 64.1667
40.8333 64.1667
46.6667 64.1667
49.5833 64.1667
52.5 64.1667
55.4167 64.1667
58.3333 64.1667
61.25 64.1667
64.1667 64.1667
67.0833 64.1667
70 64.1667
2.91667 67.0833
5.83333 67.0833
8.75 67.0833
11.6667 67.0833
14.5833 67.0833
17.5 67.0833
20.4167 67.0833
23.3333 67.0833
26.25 67.0833
29.1667 67.0833
32.0833 67.0833
35 67.0833
37.9167 67.0833
40.8333 67.0833
46.6667 67.0833
49.5833 67.0833
52.5 67.0833
55.4167 67.0833
58.3333 67.0833
61.25 67.0833
64.1667 67.0833
67.0833 67.0833
70 67.0833
46.6667 70
49.5833 70
52.5 70
55.4167 70
58.3333 70
61.25 70
64.1667 70
67.0833 70
70 70
